% Freq (Hz)	Omega_0(f)	2*sigma(f)
2.000000e+01	-4.325643e-06	8.225769e-06
2.003125e+01	-1.989952e-06	8.014382e-06
2.006250e+01	-6.283566e-06	7.829835e-06
2.009375e+01	-1.108386e-06	7.591174e-06
2.012500e+01	-8.395755e-07	7.529321e-06
2.015625e+01	-1.895412e-06	7.449809e-06
2.018750e+01	4.757486e-06	7.587663e-06
2.025000e+01	-4.463141e-06	7.632122e-06
2.028125e+01	2.337007e-06	7.190214e-06
2.031250e+01	1.612581e-06	7.129046e-06
2.034375e+01	1.518710e-06	7.161240e-06
2.037500e+01	5.272957e-06	7.345629e-06
2.043750e+01	-2.451114e-06	8.010458e-06
2.046875e+01	-1.134917e-06	8.342348e-06
2.053125e+01	-3.802509e-06	7.732713e-06
2.056250e+01	2.488266e-06	7.007738e-06
2.059375e+01	-2.536368e-06	6.681121e-06
2.062500e+01	2.026625e-06	6.419605e-06
2.065625e+01	-7.032787e-07	6.279636e-06
2.068750e+01	2.102808e-06	6.214962e-06
2.071875e+01	4.127247e-06	6.278693e-06
2.075000e+01	-6.176807e-07	6.192915e-06
2.078125e+01	-1.291264e-07	5.933857e-06
2.081250e+01	-1.463552e-06	5.855050e-06
2.084375e+01	-2.378463e-07	5.808081e-06
2.087500e+01	-3.199293e-06	5.748857e-06
2.090625e+01	-5.542821e-06	5.741516e-06
2.093750e+01	-1.763961e-06	5.859482e-06
2.096875e+01	1.299062e-06	5.746429e-06
2.100000e+01	-2.593432e-06	5.803837e-06
2.103125e+01	-1.464488e-06	5.664866e-06
2.106250e+01	-4.980556e-06	5.552061e-06
2.109375e+01	2.542979e-06	5.487342e-06
2.112500e+01	-2.876073e-06	5.393244e-06
2.115625e+01	2.886808e-06	5.307816e-06
2.118750e+01	3.092574e-06	5.212820e-06
2.121875e+01	3.907282e-06	5.181061e-06
2.125000e+01	2.887542e-06	5.242362e-06
2.128125e+01	1.513048e-06	5.059036e-06
2.131250e+01	-3.934000e-06	4.971584e-06
2.134375e+01	-1.503150e-06	4.967405e-06
2.137500e+01	-1.353279e-07	5.007081e-06
2.140625e+01	-8.323395e-07	5.138552e-06
2.143750e+01	4.195209e-06	4.956771e-06
2.146875e+01	-4.355964e-06	5.108907e-06
2.153125e+01	-1.577505e-06	4.910180e-06
2.156250e+01	-4.570880e-06	4.458213e-06
2.159375e+01	-2.424888e-06	4.401185e-06
2.162500e+01	3.125529e-06	4.347376e-06
2.165625e+01	-1.297960e-06	4.336720e-06
2.168750e+01	4.939825e-06	4.427977e-06
2.171875e+01	4.880624e-06	4.462434e-06
2.175000e+01	-6.082270e-07	4.332580e-06
2.178125e+01	4.069190e-06	4.284460e-06
2.181250e+01	-8.757514e-07	4.332203e-06
2.184375e+01	-1.426683e-06	4.278910e-06
2.187500e+01	2.453525e-06	4.203779e-06
2.190625e+01	-2.766016e-06	4.194670e-06
2.193750e+01	-6.747247e-07	4.186577e-06
2.196875e+01	-1.056722e-06	4.178731e-06
2.200000e+01	-3.112562e-07	4.200522e-06
2.203125e+01	-5.628124e-08	4.071223e-06
2.206250e+01	-3.633769e-06	3.982210e-06
2.209375e+01	9.783935e-07	3.962298e-06
2.212500e+01	-1.690869e-06	3.920886e-06
2.215625e+01	-3.187132e-06	3.857970e-06
2.218750e+01	9.251356e-07	3.857052e-06
2.221875e+01	2.713407e-06	3.947208e-06
2.225000e+01	1.638173e-06	4.023341e-06
2.228125e+01	-1.508518e-06	3.826420e-06
2.231250e+01	-5.137066e-07	3.717155e-06
2.234375e+01	2.974949e-06	3.693827e-06
2.237500e+01	-2.298170e-06	3.660145e-06
2.240625e+01	1.813235e-06	3.654093e-06
2.243750e+01	-3.145626e-06	3.684391e-06
2.246875e+01	-3.012723e-06	3.950063e-06
2.253125e+01	-1.606365e-06	3.874605e-06
2.256250e+01	1.267216e-07	3.557858e-06
2.259375e+01	1.795633e-06	3.564386e-06
2.262500e+01	2.455096e-06	3.568270e-06
2.265625e+01	8.426417e-07	3.590795e-06
2.268750e+01	-6.923615e-07	3.759433e-06
2.271875e+01	9.320230e-07	3.708462e-06
2.275000e+01	3.690182e-07	3.540019e-06
2.278125e+01	-2.892692e-06	3.512621e-06
2.281250e+01	1.253970e-06	3.591349e-06
2.284375e+01	1.951660e-07	3.517042e-06
2.287500e+01	-1.363765e-06	3.456401e-06
2.290625e+01	-1.520506e-06	3.435717e-06
2.293750e+01	-3.677162e-06	3.417635e-06
2.296875e+01	-6.537583e-08	3.426149e-06
2.300000e+01	3.693061e-06	3.455986e-06
2.303125e+01	-7.202169e-07	3.406351e-06
2.306250e+01	2.566531e-06	3.396029e-06
2.309375e+01	-1.908395e-06	3.390824e-06
2.312500e+01	-2.161063e-06	3.396708e-06
2.315625e+01	2.598945e-06	3.394842e-06
2.318750e+01	-7.834517e-07	3.393688e-06
2.321875e+01	5.777279e-07	3.501762e-06
2.325000e+01	-9.968223e-08	3.691952e-06
2.328125e+01	2.150720e-07	3.602163e-06
2.331250e+01	8.737394e-07	3.583558e-06
2.337500e+01	6.096182e-06	3.707320e-06
2.340625e+01	-1.158715e-06	3.523863e-06
2.343750e+01	6.722582e-07	3.480513e-06
2.346875e+01	1.427250e-06	3.738920e-06
2.353125e+01	-2.306160e-06	3.873681e-06
2.356250e+01	-1.486632e-06	3.649061e-06
2.359375e+01	-6.289182e-07	3.578586e-06
2.362500e+01	-1.806826e-06	3.514830e-06
2.365625e+01	1.817754e-06	3.582985e-06
2.368750e+01	2.217353e-06	3.642037e-06
2.371875e+01	-1.183797e-06	3.556703e-06
2.375000e+01	-2.234132e-06	3.484376e-06
2.378125e+01	-5.759502e-07	3.461633e-06
2.381250e+01	1.388910e-06	3.464497e-06
2.384375e+01	2.677603e-06	3.463283e-06
2.387500e+01	-8.253043e-07	3.485682e-06
2.390625e+01	-3.030256e-06	3.518863e-06
2.393750e+01	6.686957e-07	4.871392e-06
2.396875e+01	6.594176e-06	5.496072e-06
2.400000e+01	1.382909e-06	5.209648e-06
2.403125e+01	-1.796536e-06	3.598746e-06
2.406250e+01	1.229693e-07	3.500589e-06
2.409375e+01	8.917960e-07	3.489972e-06
2.412500e+01	-6.057258e-07	3.491942e-06
2.415625e+01	-1.911212e-06	3.488782e-06
2.418750e+01	-7.078648e-07	3.502649e-06
2.421875e+01	-2.993568e-06	3.637983e-06
2.428125e+01	-1.089417e-06	3.668087e-06
2.431250e+01	5.350118e-07	3.568705e-06
2.434375e+01	1.969167e-06	3.544500e-06
2.437500e+01	1.632005e-07	3.520807e-06
2.440625e+01	-3.376839e-06	3.527624e-06
2.443750e+01	-2.202874e-07	3.564375e-06
2.446875e+01	-1.617013e-06	3.839706e-06
2.453125e+01	3.386781e-06	3.805395e-06
2.456250e+01	-1.519583e-06	3.540964e-06
2.459375e+01	-1.950181e-06	3.546249e-06
2.462500e+01	8.040071e-07	3.581108e-06
2.465625e+01	1.474032e-06	3.708261e-06
2.468750e+01	-8.914633e-09	3.742451e-06
2.471875e+01	-8.037730e-07	3.656485e-06
2.475000e+01	-8.538660e-07	3.677550e-06
2.478125e+01	-1.311073e-06	3.714553e-06
2.481250e+01	1.646275e-07	3.742542e-06
2.484375e+01	4.669832e-07	3.702990e-06
2.487500e+01	-1.806674e-06	3.714899e-06
2.490625e+01	2.002078e-06	3.736827e-06
2.493750e+01	-1.645559e-06	3.764779e-06
2.496875e+01	1.091489e-06	4.401741e-06
2.503125e+01	-2.221591e-06	4.482882e-06
2.506250e+01	-2.292485e-06	3.960526e-06
2.509375e+01	-2.572178e-06	3.922742e-06
2.512500e+01	1.249548e-06	3.888284e-06
2.515625e+01	2.471657e-07	3.943128e-06
2.518750e+01	2.614528e-06	4.106985e-06
2.521875e+01	2.163694e-06	4.499542e-06
2.525000e+01	5.523548e-06	5.347708e-06
2.528125e+01	1.294618e-06	5.930105e-06
2.531250e+01	-7.602710e-07	5.034037e-06
2.534375e+01	-1.230934e-07	3.872229e-06
2.537500e+01	1.965753e-06	3.463243e-06
2.540625e+01	-1.158768e-07	3.305686e-06
2.543750e+01	6.968784e-07	3.214857e-06
2.546875e+01	5.812940e-07	3.331683e-06
2.553125e+01	2.352655e-07	3.194887e-06
2.556250e+01	8.981826e-07	2.988282e-06
2.559375e+01	1.579049e-06	3.090368e-06
2.562500e+01	6.189688e-08	3.381360e-06
2.565625e+01	2.331542e-06	4.203777e-06
2.568750e+01	-1.038250e-06	5.124152e-06
2.571875e+01	-8.523308e-07	4.583431e-06
2.575000e+01	3.283694e-06	3.345675e-06
2.578125e+01	2.194070e-06	2.699320e-06
2.581250e+01	1.047897e-06	2.454535e-06
2.584375e+01	-8.431931e-07	2.355947e-06
2.587500e+01	-1.271364e-06	2.311286e-06
2.590625e+01	-1.598301e-06	2.273481e-06
2.593750e+01	4.198474e-08	2.236154e-06
2.596875e+01	1.579515e-06	2.215390e-06
2.600000e+01	1.584637e-06	2.219027e-06
2.603125e+01	-1.200249e-06	2.185318e-06
2.606250e+01	3.151026e-07	2.165474e-06
2.609375e+01	-9.173126e-10	2.099860e-06
2.612500e+01	-1.330467e-07	2.067784e-06
2.618750e+01	2.398198e-06	2.079792e-06
2.621875e+01	-1.044012e-06	2.117573e-06
2.625000e+01	-9.203303e-07	2.256887e-06
2.628125e+01	-2.786846e-07	2.145661e-06
2.631250e+01	6.606398e-07	2.168516e-06
2.637500e+01	-1.523924e-07	3.557983e-06
2.640625e+01	-2.269815e-06	4.356731e-06
2.643750e+01	4.572119e-07	3.577722e-06
2.646875e+01	2.152248e-08	2.888397e-06
2.653125e+01	2.467221e-06	2.494682e-06
2.656250e+01	-2.225435e-07	2.270907e-06
2.659375e+01	9.343187e-07	2.253465e-06
2.662500e+01	1.568495e-06	2.345048e-06
2.665625e+01	-1.532628e-06	2.356602e-06
2.668750e+01	1.219861e-06	2.242783e-06
2.671875e+01	7.178695e-07	2.166236e-06
2.675000e+01	-2.749177e-07	2.141607e-06
2.678125e+01	2.862789e-09	2.153945e-06
2.681250e+01	1.689448e-06	2.128177e-06
2.684375e+01	-1.563907e-06	2.088259e-06
2.687500e+01	-5.313604e-07	2.064258e-06
2.690625e+01	1.283854e-08	2.050575e-06
2.693750e+01	-3.032005e-07	2.109191e-06
2.696875e+01	1.298086e-06	2.153377e-06
2.700000e+01	-2.310702e-07	2.059318e-06
2.703125e+01	-1.100218e-06	2.009717e-06
2.706250e+01	9.433739e-07	1.987271e-06
2.709375e+01	-3.436746e-07	2.043624e-06
2.712500e+01	1.921299e-07	2.104830e-06
2.715625e+01	3.181215e-07	2.125914e-06
2.718750e+01	9.008682e-07	2.163859e-06
2.721875e+01	1.681888e-06	2.233679e-06
2.725000e+01	-1.516374e-06	2.323146e-06
2.728125e+01	6.600938e-07	2.348369e-06
2.731250e+01	-8.759884e-07	2.537781e-06
2.734375e+01	-6.482084e-07	2.352709e-06
2.737500e+01	-1.772468e-06	3.696916e-06
2.740625e+01	5.515961e-06	9.193440e-06
2.743750e+01	-1.337686e-06	7.824450e-06
2.746875e+01	-1.228649e-06	4.938226e-06
2.753125e+01	4.594898e-07	6.436468e-06
2.756250e+01	-7.541296e-07	2.437072e-06
2.759375e+01	1.822802e-07	2.097558e-06
2.762500e+01	-8.488746e-07	2.099356e-06
2.765625e+01	9.437621e-07	2.095340e-06
2.768750e+01	2.959170e-07	3.945962e-06
2.771875e+01	-4.335500e-06	6.822152e-06
2.775000e+01	-2.885402e-06	4.275560e-06
2.778125e+01	4.350856e-07	2.041461e-06
2.781250e+01	-6.971174e-07	1.924999e-06
2.784375e+01	5.393992e-08	1.936115e-06
2.787500e+01	7.458350e-08	2.177138e-06
2.790625e+01	-2.369383e-06	2.174331e-06
2.793750e+01	9.947363e-07	1.820937e-06
2.796875e+01	-7.643416e-07	1.768120e-06
2.800000e+01	7.507275e-07	1.833756e-06
2.803125e+01	8.472763e-07	1.888217e-06
2.806250e+01	1.452446e-07	1.838120e-06
2.809375e+01	3.657492e-07	1.751512e-06
2.812500e+01	-4.108897e-07	1.760774e-06
2.815625e+01	-8.476765e-07	2.071180e-06
2.818750e+01	7.247287e-07	8.448382e-06
2.821875e+01	-8.766012e-06	1.319586e-05
2.825000e+01	-1.373125e-06	6.181659e-06
2.828125e+01	1.124746e-06	2.051131e-06
2.831250e+01	3.263521e-07	1.698255e-06
2.834375e+01	2.963467e-07	1.660454e-06
2.837500e+01	7.514537e-07	1.660850e-06
2.840625e+01	9.807290e-07	1.655649e-06
2.843750e+01	6.212320e-08	1.666747e-06
2.846875e+01	1.107561e-07	1.786144e-06
2.853125e+01	1.283509e-06	1.755880e-06
2.856250e+01	1.653663e-06	1.612575e-06
2.859375e+01	6.278780e-07	1.871692e-06
2.862500e+01	6.663950e-07	1.935521e-06
2.865625e+01	-1.963628e-07	1.686528e-06
2.868750e+01	8.625901e-07	1.599153e-06
2.871875e+01	1.362112e-07	1.540408e-06
2.875000e+01	1.203159e-07	1.521573e-06
2.878125e+01	-1.130522e-06	1.504642e-06
2.881250e+01	7.140091e-07	1.496912e-06
2.884375e+01	6.769882e-07	1.490847e-06
2.887500e+01	3.011929e-07	1.487215e-06
2.890625e+01	-1.310364e-06	1.483218e-06
2.893750e+01	-4.067496e-08	1.480927e-06
2.896875e+01	-9.960549e-07	1.495701e-06
2.900000e+01	-1.047621e-07	1.533801e-06
2.903125e+01	3.134214e-07	1.604340e-06
2.906250e+01	-4.973175e-07	1.566663e-06
2.909375e+01	8.811483e-07	1.531914e-06
2.912500e+01	3.605302e-07	1.541833e-06
2.915625e+01	3.310756e-07	1.596639e-06
2.918750e+01	-2.447829e-08	1.715168e-06
2.921875e+01	-7.788280e-07	1.693325e-06
2.925000e+01	-1.261997e-06	1.675917e-06
2.928125e+01	-1.631721e-07	1.575551e-06
2.931250e+01	-1.004918e-06	1.553004e-06
2.934375e+01	-1.981264e-07	1.539393e-06
2.937500e+01	3.126999e-07	1.513806e-06
2.940625e+01	-5.845641e-07	1.495108e-06
2.943750e+01	-4.571813e-07	1.473159e-06
2.946875e+01	3.101425e-07	1.629716e-06
2.953125e+01	-8.888370e-07	1.664350e-06
2.956250e+01	-7.827432e-07	1.527898e-06
2.959375e+01	3.988879e-07	1.641222e-06
2.962500e+01	6.768829e-08	1.670720e-06
2.965625e+01	-4.984637e-07	1.563647e-06
2.968750e+01	-1.011434e-07	1.547188e-06
2.971875e+01	3.036278e-07	1.558293e-06
2.975000e+01	-2.330262e-07	1.528195e-06
2.978125e+01	3.082686e-07	1.818423e-06
2.981250e+01	-1.105664e-06	2.325483e-06
2.984375e+01	2.313895e-08	2.813249e-06
2.987500e+01	-1.902106e-06	3.359380e-06
2.990625e+01	-1.615901e-06	2.296275e-06
2.993750e+01	2.747691e-07	1.719667e-06
2.996875e+01	6.009926e-07	1.502084e-06
3.003125e+01	-1.059486e-06	1.526113e-06
3.006250e+01	-2.870429e-08	1.519277e-06
3.009375e+01	3.679651e-07	1.499159e-06
3.012500e+01	-7.000794e-07	1.479681e-06
3.015625e+01	1.656302e-07	1.465821e-06
3.018750e+01	3.953068e-07	1.442339e-06
3.021875e+01	1.223781e-06	1.511178e-06
3.025000e+01	-1.879069e-07	1.614077e-06
3.028125e+01	-5.337387e-07	1.478192e-06
3.031250e+01	-3.485912e-07	1.387637e-06
3.034375e+01	1.740252e-07	1.378742e-06
3.037500e+01	1.134185e-06	1.374588e-06
3.040625e+01	1.469664e-07	1.364641e-06
3.043750e+01	9.905305e-07	1.364220e-06
3.046875e+01	1.257730e-06	1.507544e-06
3.053125e+01	-7.697099e-09	1.525915e-06
3.056250e+01	2.362558e-07	1.431684e-06
3.059375e+01	-5.534422e-07	1.516837e-06
3.062500e+01	-8.767060e-07	1.472986e-06
3.065625e+01	-1.242032e-07	1.387000e-06
3.068750e+01	-3.157021e-07	1.372693e-06
3.071875e+01	8.854471e-07	1.367737e-06
3.075000e+01	4.656635e-07	1.368620e-06
3.078125e+01	-8.709947e-07	1.376674e-06
3.081250e+01	-3.981979e-07	1.388173e-06
3.084375e+01	5.338687e-07	1.383818e-06
3.087500e+01	2.996016e-07	1.379265e-06
3.090625e+01	-4.525260e-07	1.374627e-06
3.093750e+01	5.831465e-07	1.383183e-06
3.096875e+01	-5.884029e-07	1.395755e-06
3.100000e+01	4.015143e-09	1.424100e-06
3.103125e+01	3.456547e-07	1.443156e-06
3.106250e+01	2.549173e-07	1.461902e-06
3.109375e+01	5.837111e-07	1.546605e-06
3.112500e+01	1.570472e-07	1.703081e-06
3.115625e+01	-1.169892e-06	1.673374e-06
3.118750e+01	-1.505814e-06	1.595855e-06
3.121875e+01	-4.154774e-07	1.589423e-06
3.125000e+01	6.271989e-07	1.687654e-06
3.128125e+01	3.367604e-07	1.610587e-06
3.131250e+01	-1.427847e-06	1.580397e-06
3.134375e+01	5.522417e-08	1.620026e-06
3.137500e+01	-1.993568e-06	1.697467e-06
3.146875e+01	-6.336142e-07	1.761156e-06
3.153125e+01	-2.344046e-07	1.694991e-06
3.156250e+01	-5.075253e-07	1.594429e-06
3.159375e+01	-1.336133e-06	1.576432e-06
3.162500e+01	-4.741617e-07	1.463358e-06
3.165625e+01	-1.189456e-07	1.374860e-06
3.168750e+01	9.540550e-07	1.339679e-06
3.171875e+01	3.596041e-07	1.320852e-06
3.175000e+01	-4.603361e-07	1.326983e-06
3.178125e+01	7.927332e-07	1.304432e-06
3.181250e+01	-5.754450e-08	1.272649e-06
3.184375e+01	-4.134292e-08	1.260909e-06
3.187500e+01	-2.591234e-07	1.244415e-06
3.190625e+01	1.304999e-07	1.234702e-06
3.193750e+01	-6.913851e-07	1.231012e-06
3.196875e+01	-7.638606e-07	1.230271e-06
3.203125e+01	6.006763e-07	1.210851e-06
3.206250e+01	7.544342e-07	1.189670e-06
3.209375e+01	4.011013e-07	1.184390e-06
3.212500e+01	-7.387622e-08	1.176799e-06
3.215625e+01	3.115186e-07	1.168499e-06
3.218750e+01	1.865516e-06	1.167156e-06
3.221875e+01	-1.115306e-06	1.232823e-06
3.225000e+01	-6.559257e-07	1.334539e-06
3.228125e+01	9.098646e-07	1.224250e-06
3.231250e+01	6.648501e-07	1.149624e-06
3.234375e+01	1.571823e-07	1.153976e-06
3.237500e+01	-3.319275e-07	1.153342e-06
3.240625e+01	3.214284e-07	1.162695e-06
3.243750e+01	6.138602e-07	1.159187e-06
3.246875e+01	5.456726e-07	1.255888e-06
3.253125e+01	-3.859677e-07	1.299277e-06
3.256250e+01	6.438515e-07	1.244982e-06
3.259375e+01	-5.571611e-07	1.228817e-06
3.262500e+01	-3.956101e-08	1.163531e-06
3.265625e+01	1.306309e-07	1.131293e-06
3.268750e+01	-6.600965e-07	1.113787e-06
3.271875e+01	2.808422e-07	1.114317e-06
3.275000e+01	-5.220806e-07	1.113772e-06
3.278125e+01	-5.333415e-07	1.117151e-06
3.281250e+01	-2.692234e-07	1.115744e-06
3.284375e+01	-4.014862e-07	1.116368e-06
3.287500e+01	1.727535e-07	1.112904e-06
3.290625e+01	4.349799e-07	1.119186e-06
3.293750e+01	-1.102349e-07	1.134460e-06
3.296875e+01	-4.623259e-07	1.146108e-06
3.300000e+01	6.221286e-08	1.168315e-06
3.303125e+01	4.161115e-07	1.192564e-06
3.306250e+01	7.192094e-07	1.287729e-06
3.309375e+01	9.753856e-09	1.343022e-06
3.312500e+01	-7.912516e-07	1.291329e-06
3.315625e+01	3.670091e-07	1.245585e-06
3.318750e+01	-1.150093e-06	1.267074e-06
3.321875e+01	1.772636e-07	1.277286e-06
3.325000e+01	1.842194e-07	1.326959e-06
3.328125e+01	-5.388520e-07	1.193725e-06
3.331250e+01	4.099958e-07	1.184410e-06
3.334375e+01	4.477834e-07	1.202265e-06
3.337500e+01	-5.104381e-08	1.127625e-06
3.340625e+01	3.615532e-07	1.126738e-06
3.343750e+01	-5.851355e-08	1.130416e-06
3.346875e+01	-4.119818e-07	1.240345e-06
3.353125e+01	2.005290e-07	1.363924e-06
3.356250e+01	-8.373561e-07	1.306967e-06
3.359375e+01	5.279472e-07	1.245579e-06
3.362500e+01	-9.710452e-07	1.205588e-06
3.365625e+01	-1.708486e-06	1.258642e-06
3.371875e+01	-1.412917e-07	1.742297e-06
3.375000e+01	-3.017611e-07	1.234240e-06
3.378125e+01	-1.552231e-06	1.215218e-06
3.381250e+01	4.746504e-07	1.215770e-06
3.384375e+01	2.176405e-07	1.230382e-06
3.387500e+01	3.473010e-08	1.193653e-06
3.390625e+01	6.339795e-09	1.175523e-06
3.393750e+01	7.648580e-07	1.192030e-06
3.396875e+01	-4.089025e-07	1.203911e-06
3.400000e+01	-6.093032e-07	1.209410e-06
3.403125e+01	-1.856721e-07	1.170195e-06
3.406250e+01	3.321188e-07	1.148132e-06
3.409375e+01	-1.087269e-06	1.132858e-06
3.412500e+01	-2.016416e-07	1.122472e-06
3.415625e+01	1.250419e-07	1.113445e-06
3.418750e+01	1.281687e-07	1.113374e-06
3.421875e+01	3.010746e-07	1.175256e-06
3.425000e+01	-1.042455e-07	1.273583e-06
3.428125e+01	-2.514276e-07	1.181391e-06
3.431250e+01	4.641226e-07	1.126737e-06
3.434375e+01	1.155894e-06	1.138106e-06
3.437500e+01	5.902663e-07	1.148905e-06
3.440625e+01	-3.669159e-07	1.160780e-06
3.443750e+01	-4.230694e-08	1.169726e-06
3.446875e+01	1.698770e-07	1.291882e-06
3.453125e+01	2.750168e-07	1.546476e-06
3.487500e+01	-1.137458e-06	1.333457e-06
3.490625e+01	8.980065e-07	1.278441e-06
3.493750e+01	9.049984e-07	1.266629e-06
3.496875e+01	5.530124e-08	1.284615e-06
3.500000e+01	-3.911285e-07	1.371870e-06
3.503125e+01	-9.776148e-08	1.438725e-06
3.506250e+01	-3.258050e-07	1.400385e-06
3.509375e+01	-2.425513e-07	1.339523e-06
3.512500e+01	-3.808682e-07	1.325991e-06
3.546875e+01	-7.846864e-07	1.497654e-06
3.553125e+01	-1.012056e-06	1.490705e-06
3.556250e+01	-8.756668e-07	1.346261e-06
3.559375e+01	-4.805073e-07	1.286001e-06
3.562500e+01	-3.356377e-07	1.280158e-06
3.565625e+01	-2.317922e-07	1.406867e-06
3.568750e+01	-1.830668e-07	3.661022e-06
3.571875e+01	-7.929595e-06	4.568561e-06
3.575000e+01	1.124174e-06	2.180099e-06
3.578125e+01	-3.579618e-07	1.895061e-06
3.581250e+01	7.294243e-07	2.588069e-06
3.584375e+01	2.428722e-07	1.060131e-05
3.587500e+01	-3.351215e-08	1.475525e-04
3.593750e+01	3.861936e-07	9.984776e-05
3.596875e+01	-1.918520e-06	6.520226e-06
3.600000e+01	-9.555693e-07	2.287207e-06
3.603125e+01	-7.407227e-07	1.489766e-06
3.606250e+01	-2.164204e-07	1.389856e-06
3.609375e+01	-6.306495e-07	1.352929e-06
3.612500e+01	-2.281103e-07	1.342733e-06
3.615625e+01	1.290998e-07	1.328335e-06
3.618750e+01	-4.137711e-07	1.316356e-06
3.621875e+01	3.308342e-07	1.359115e-06
3.625000e+01	8.691440e-07	1.426945e-06
3.628125e+01	3.082337e-07	1.363991e-06
3.631250e+01	-3.446587e-07	1.330076e-06
3.634375e+01	-2.428565e-07	1.334227e-06
3.637500e+01	-3.476809e-07	1.336186e-06
3.640625e+01	-5.109102e-07	1.351092e-06
3.643750e+01	-9.267682e-07	1.378062e-06
3.646875e+01	-8.655122e-07	1.521416e-06
3.653125e+01	-2.369104e-07	1.703134e-06
3.656250e+01	1.657540e-06	1.803768e-06
3.659375e+01	-1.125440e-07	2.628000e-06
3.662500e+01	1.450558e-06	6.973312e-06
3.678125e+01	3.081327e-07	5.399006e-06
3.681250e+01	2.981505e-07	2.287240e-06
3.684375e+01	8.545208e-07	1.631933e-06
3.687500e+01	2.580761e-08	1.466562e-06
3.690625e+01	6.139093e-07	1.421142e-06
3.693750e+01	9.681142e-07	1.420956e-06
3.696875e+01	5.144742e-07	1.467569e-06
3.700000e+01	-1.483105e-07	1.446176e-06
3.703125e+01	-2.845326e-07	1.397462e-06
3.706250e+01	-4.035897e-08	1.359275e-06
3.709375e+01	5.787473e-07	1.333081e-06
3.712500e+01	4.951731e-07	1.322877e-06
3.715625e+01	1.755783e-06	1.336318e-06
3.718750e+01	5.272736e-07	1.299205e-06
3.721875e+01	1.516785e-06	1.311785e-06
3.725000e+01	1.059311e-06	1.618177e-06
3.728125e+01	-4.829009e-07	5.027805e-06
3.734375e+01	-5.256727e-07	1.908273e-06
3.737500e+01	3.161761e-07	1.240349e-06
3.740625e+01	-1.753337e-07	1.242098e-06
3.743750e+01	-3.421970e-07	1.275462e-06
3.746875e+01	1.590372e-06	1.398653e-06
3.753125e+01	-3.620778e-07	1.434542e-06
3.756250e+01	-1.688871e-06	1.246781e-06
3.759375e+01	4.697493e-07	1.207170e-06
3.762500e+01	-2.667074e-07	1.190609e-06
3.765625e+01	2.685002e-07	1.182613e-06
3.768750e+01	-3.825063e-07	1.181925e-06
3.771875e+01	1.102059e-06	1.185126e-06
3.775000e+01	-1.603857e-07	1.189715e-06
3.778125e+01	-6.146951e-07	1.184267e-06
3.781250e+01	-1.031744e-06	1.183214e-06
3.784375e+01	8.072686e-07	1.180870e-06
3.787500e+01	2.761113e-07	1.181067e-06
3.790625e+01	-3.742304e-07	1.183604e-06
3.793750e+01	8.424613e-07	1.190751e-06
3.796875e+01	6.285967e-07	1.188399e-06
3.800000e+01	-8.047753e-07	1.193195e-06
3.803125e+01	-4.475996e-07	1.187637e-06
3.806250e+01	-8.780669e-08	1.192348e-06
3.809375e+01	2.870817e-07	1.195259e-06
3.812500e+01	-1.009022e-06	1.192007e-06
3.815625e+01	3.445968e-07	1.185058e-06
3.818750e+01	2.354839e-07	1.187683e-06
3.821875e+01	-2.511277e-07	1.229255e-06
3.825000e+01	-4.821631e-07	1.304352e-06
3.828125e+01	-3.261710e-07	1.231105e-06
3.831250e+01	-3.967979e-07	1.202794e-06
3.834375e+01	6.837669e-07	1.205128e-06
3.837500e+01	2.524253e-07	1.207799e-06
3.840625e+01	5.256219e-07	1.208795e-06
3.853125e+01	1.599118e-07	1.390201e-06
3.856250e+01	-4.369089e-07	1.253886e-06
3.859375e+01	8.635677e-07	1.247239e-06
3.862500e+01	9.456624e-07	1.255495e-06
3.865625e+01	-1.965265e-07	1.254256e-06
3.868750e+01	-3.231957e-07	1.244504e-06
3.871875e+01	5.217334e-08	1.246652e-06
3.875000e+01	-5.832479e-07	1.261339e-06
3.878125e+01	5.047864e-07	1.266826e-06
3.881250e+01	8.938070e-07	1.271925e-06
3.884375e+01	-4.859499e-07	1.277489e-06
3.887500e+01	-8.136873e-07	1.294114e-06
3.890625e+01	1.034187e-06	1.379172e-06
3.893750e+01	7.393845e-07	1.428154e-06
3.896875e+01	-5.937865e-08	1.386537e-06
3.900000e+01	-4.881193e-07	1.341035e-06
3.903125e+01	-2.767959e-08	1.287466e-06
3.906250e+01	2.062504e-07	1.264784e-06
3.909375e+01	-4.315161e-07	1.262121e-06
3.912500e+01	1.332417e-07	1.264724e-06
3.915625e+01	9.745597e-07	1.273742e-06
3.918750e+01	6.341016e-07	1.277653e-06
3.921875e+01	1.167332e-06	1.303994e-06
3.925000e+01	1.169326e-06	1.360384e-06
3.928125e+01	-4.494891e-07	1.296335e-06
3.931250e+01	-7.293720e-08	1.292008e-06
3.934375e+01	-1.049879e-07	1.304007e-06
3.937500e+01	-2.041902e-09	1.337220e-06
3.940625e+01	2.063156e-07	1.355032e-06
3.943750e+01	-1.637137e-06	1.341620e-06
3.946875e+01	-4.081712e-07	1.476423e-06
3.953125e+01	-1.036913e-07	1.385205e-06
3.956250e+01	-4.417742e-07	1.281755e-06
3.959375e+01	-1.755482e-07	1.292161e-06
3.962500e+01	-7.636992e-07	1.302987e-06
3.965625e+01	4.610334e-07	1.309823e-06
3.968750e+01	-1.858112e-07	1.325621e-06
3.971875e+01	2.188861e-07	1.329125e-06
3.975000e+01	-8.704794e-07	1.340782e-06
3.978125e+01	-4.020312e-07	1.327587e-06
3.981250e+01	2.373347e-07	1.317865e-06
3.984375e+01	2.684420e-07	1.316524e-06
3.987500e+01	4.124290e-07	1.316106e-06
3.990625e+01	7.124487e-07	1.353134e-06
3.993750e+01	6.716370e-07	1.382228e-06
3.996875e+01	-6.824948e-07	1.360698e-06
4.000000e+01	1.341032e-06	1.361922e-06
4.003125e+01	1.228256e-06	1.346198e-06
4.006250e+01	2.030356e-08	1.340893e-06
4.009375e+01	7.699359e-07	1.376639e-06
4.012500e+01	-1.137421e-06	1.362139e-06
4.015625e+01	-2.544309e-08	1.369634e-06
4.018750e+01	-5.093844e-08	1.378980e-06
4.021875e+01	-4.525493e-07	1.386275e-06
4.025000e+01	2.893830e-07	1.446154e-06
4.028125e+01	1.781952e-07	1.405241e-06
4.031250e+01	6.327911e-07	1.389436e-06
4.034375e+01	-3.962514e-07	1.376739e-06
4.037500e+01	-1.433759e-06	1.414368e-06
4.040625e+01	1.934550e-07	1.407063e-06
4.043750e+01	6.127836e-07	1.421583e-06
4.046875e+01	-6.904106e-07	1.560762e-06
4.053125e+01	3.600816e-08	1.512884e-06
4.056250e+01	-3.565949e-07	1.453795e-06
4.059375e+01	-1.288344e-06	1.474761e-06
4.062500e+01	-3.287419e-07	1.478873e-06
4.065625e+01	-1.302587e-06	1.515557e-06
4.068750e+01	-1.533499e-06	1.582917e-06
4.071875e+01	-4.886018e-07	1.667979e-06
4.075000e+01	-1.604598e-07	1.789636e-06
4.078125e+01	-1.538327e-06	1.931741e-06
4.081250e+01	-5.082172e-07	2.119212e-06
4.084375e+01	-2.910184e-06	2.779655e-06
4.087500e+01	-2.541579e-06	4.917172e-06
4.090625e+01	-5.545908e-07	2.407260e-05
4.093750e+01	-1.603231e-05	4.019355e-05
4.096875e+01	-1.085242e-05	2.109773e-05
4.100000e+01	-6.406987e-06	1.619342e-05
4.103125e+01	2.689421e-07	1.311821e-05
4.106250e+01	-1.594364e-06	2.930031e-06
4.109375e+01	-1.320097e-07	1.771566e-06
4.112500e+01	6.611850e-07	1.648607e-06
4.115625e+01	3.242453e-07	1.576933e-06
4.118750e+01	2.637479e-07	1.512434e-06
4.121875e+01	-6.259576e-07	1.502384e-06
4.125000e+01	4.161036e-07	1.557633e-06
4.128125e+01	5.338252e-07	1.499431e-06
4.131250e+01	1.210380e-06	1.456952e-06
4.134375e+01	1.327290e-06	1.445387e-06
4.137500e+01	3.600527e-07	1.437629e-06
4.140625e+01	1.669023e-07	1.430523e-06
4.143750e+01	1.310055e-07	1.485758e-06
4.146875e+01	1.064298e-06	1.672891e-06
4.153125e+01	9.550331e-07	1.493615e-06
4.156250e+01	1.125428e-06	1.378922e-06
4.159375e+01	9.263068e-07	1.371879e-06
4.162500e+01	-4.512872e-07	1.369955e-06
4.165625e+01	4.358251e-07	1.387368e-06
4.168750e+01	3.446459e-08	1.385586e-06
4.171875e+01	-1.880240e-07	1.381965e-06
4.175000e+01	-4.630694e-07	1.392696e-06
4.178125e+01	-2.781121e-07	1.377547e-06
4.181250e+01	2.971684e-07	1.373182e-06
4.184375e+01	2.756863e-07	1.389194e-06
4.187500e+01	1.102551e-06	1.494703e-06
4.190625e+01	5.211120e-09	1.484164e-06
4.193750e+01	6.569233e-07	1.464445e-06
4.196875e+01	-9.422331e-08	1.419022e-06
4.200000e+01	3.409778e-07	1.401830e-06
4.203125e+01	2.286150e-07	1.383976e-06
4.206250e+01	-1.130477e-06	1.381840e-06
4.209375e+01	-1.142805e-06	1.380034e-06
4.212500e+01	-2.457459e-07	1.388763e-06
4.215625e+01	8.837012e-07	1.397764e-06
4.218750e+01	1.158144e-06	1.394890e-06
4.221875e+01	2.517394e-07	1.417203e-06
4.225000e+01	-5.361696e-07	1.475507e-06
4.228125e+01	-4.379053e-08	1.419505e-06
4.231250e+01	-2.767753e-07	1.386972e-06
4.234375e+01	3.412026e-07	1.403618e-06
4.237500e+01	6.939467e-07	1.414691e-06
4.240625e+01	-5.875739e-07	1.449253e-06
4.243750e+01	-4.454333e-07	1.506278e-06
4.246875e+01	1.622697e-07	1.590579e-06
4.253125e+01	2.048955e-08	1.519889e-06
4.256250e+01	3.611476e-07	1.430142e-06
4.259375e+01	-5.548365e-07	1.439045e-06
4.262500e+01	4.143276e-07	1.453071e-06
4.265625e+01	-7.015418e-07	1.485052e-06
4.268750e+01	3.797904e-08	1.509036e-06
4.271875e+01	1.211676e-07	1.508637e-06
4.275000e+01	5.431807e-08	1.509139e-06
4.278125e+01	5.907330e-07	1.534895e-06
4.281250e+01	3.071984e-07	1.632741e-06
4.284375e+01	-1.251892e-07	1.669955e-06
4.287500e+01	-4.930608e-07	1.621994e-06
4.290625e+01	1.508087e-07	1.569634e-06
4.293750e+01	-1.019573e-07	1.542677e-06
4.296875e+01	5.838016e-07	1.518017e-06
4.300000e+01	1.155814e-06	1.534821e-06
4.303125e+01	3.640070e-07	1.516716e-06
4.306250e+01	-6.640032e-07	1.510636e-06
4.309375e+01	6.671076e-07	1.512992e-06
4.312500e+01	-3.119814e-07	1.518401e-06
4.315625e+01	-1.158670e-06	1.521405e-06
4.318750e+01	3.375047e-07	1.526614e-06
4.321875e+01	2.054015e-08	1.560777e-06
4.325000e+01	1.059767e-06	1.624069e-06
4.328125e+01	3.334902e-07	1.574942e-06
4.331250e+01	5.446735e-07	1.572115e-06
4.334375e+01	4.224099e-07	1.601047e-06
4.337500e+01	8.260845e-07	1.615183e-06
4.340625e+01	3.375026e-07	1.653748e-06
4.343750e+01	-4.529136e-07	1.681823e-06
4.346875e+01	-1.724069e-08	1.728661e-06
4.353125e+01	8.281753e-07	1.697434e-06
4.356250e+01	-9.645495e-08	1.632206e-06
4.359375e+01	1.238546e-07	1.620772e-06
4.362500e+01	8.943430e-07	1.628735e-06
4.365625e+01	-1.259005e-07	1.648704e-06
4.368750e+01	-1.591369e-06	1.682803e-06
4.371875e+01	-4.964507e-07	1.683986e-06
4.375000e+01	-2.545524e-07	1.673534e-06
4.378125e+01	5.560963e-07	1.657006e-06
4.381250e+01	1.302638e-06	1.648615e-06
4.384375e+01	6.025471e-07	1.642529e-06
4.387500e+01	-2.850302e-08	1.640842e-06
4.390625e+01	1.171405e-06	1.647144e-06
4.393750e+01	5.339175e-07	1.642028e-06
4.396875e+01	1.262014e-07	1.644638e-06
4.400000e+01	1.081273e-06	1.673370e-06
4.403125e+01	8.840765e-07	1.649687e-06
4.406250e+01	1.218545e-06	1.638126e-06
4.409375e+01	4.866162e-07	1.637550e-06
4.412500e+01	-7.939938e-07	1.639100e-06
4.415625e+01	1.243625e-06	1.639013e-06
4.418750e+01	4.815895e-09	1.634853e-06
4.421875e+01	-8.527291e-07	1.663344e-06
4.425000e+01	1.742451e-06	1.720325e-06
4.428125e+01	-6.971016e-07	1.662500e-06
4.431250e+01	4.394297e-07	1.655136e-06
4.434375e+01	3.480291e-07	1.680233e-06
4.437500e+01	-9.656189e-07	1.724031e-06
4.440625e+01	9.012440e-08	1.776880e-06
4.443750e+01	-3.779521e-07	1.770535e-06
4.446875e+01	1.066378e-07	1.822533e-06
4.453125e+01	1.024951e-06	2.676187e-06
4.456250e+01	5.812606e-07	2.415194e-06
4.459375e+01	-7.795041e-07	1.817365e-06
4.462500e+01	2.812063e-07	1.789194e-06
4.465625e+01	6.070904e-07	1.827569e-06
4.468750e+01	2.717933e-06	2.113586e-06
4.471875e+01	4.555822e-08	2.219915e-06
4.475000e+01	-2.839750e-07	2.079752e-06
4.478125e+01	-3.797371e-07	2.152971e-06
4.481250e+01	-1.360075e-06	2.178707e-06
4.484375e+01	-2.092129e-06	2.160890e-06
4.487500e+01	-9.364752e-07	2.158492e-06
4.490625e+01	5.648489e-08	2.140794e-06
4.493750e+01	8.238965e-07	2.110078e-06
4.496875e+01	8.584709e-07	2.085074e-06
4.500000e+01	1.068349e-07	2.078787e-06
4.503125e+01	-6.224585e-07	2.006711e-06
4.506250e+01	-4.490862e-07	1.937361e-06
4.509375e+01	-9.583804e-08	1.888548e-06
4.512500e+01	1.090324e-06	1.816300e-06
4.515625e+01	6.530733e-07	1.760736e-06
4.518750e+01	-2.657443e-06	1.721609e-06
4.521875e+01	-3.071130e-08	1.757405e-06
4.525000e+01	2.048070e-07	1.859631e-06
4.528125e+01	1.010064e-07	1.732757e-06
4.531250e+01	-7.744923e-07	1.688884e-06
4.534375e+01	-1.461796e-06	1.780021e-06
4.537500e+01	-2.320245e-06	1.833357e-06
4.540625e+01	1.106257e-06	1.887694e-06
4.543750e+01	1.027132e-06	1.776879e-06
4.546875e+01	9.214616e-07	1.782542e-06
4.553125e+01	-1.824400e-06	1.723700e-06
4.556250e+01	1.017358e-06	1.630889e-06
4.559375e+01	-8.728889e-07	1.633147e-06
4.562500e+01	-1.743181e-07	1.674919e-06
4.565625e+01	-1.341715e-06	1.648467e-06
4.568750e+01	1.020813e-06	1.621100e-06
4.571875e+01	-2.071645e-07	1.622930e-06
4.575000e+01	7.361617e-07	1.631027e-06
4.578125e+01	4.578630e-07	1.616501e-06
4.581250e+01	-5.787828e-08	1.621378e-06
4.584375e+01	1.526731e-06	1.625737e-06
4.587500e+01	1.041551e-06	1.625282e-06
4.590625e+01	-1.919040e-07	1.633974e-06
4.593750e+01	9.373879e-07	1.643966e-06
4.596875e+01	-1.039625e-07	1.665630e-06
4.600000e+01	-4.895881e-08	1.698278e-06
4.603125e+01	2.740812e-08	1.808747e-06
4.606250e+01	-1.078046e-06	4.807510e-06
4.609375e+01	7.153418e-07	7.014994e-06
4.612500e+01	-2.339287e-07	3.389807e-06
4.615625e+01	1.109560e-06	1.731618e-06
4.618750e+01	6.173501e-07	1.668209e-06
4.621875e+01	-1.006319e-06	1.684732e-06
4.625000e+01	2.089866e-07	1.723607e-06
4.628125e+01	1.110078e-06	1.664122e-06
4.631250e+01	-5.119993e-07	1.643066e-06
4.634375e+01	4.395017e-08	1.657989e-06
4.637500e+01	2.173216e-07	1.727120e-06
4.640625e+01	2.110689e-07	1.735499e-06
4.643750e+01	-1.179262e-06	1.675938e-06
4.646875e+01	-6.923552e-07	1.728304e-06
4.653125e+01	-8.322108e-07	1.729881e-06
4.656250e+01	6.039669e-07	1.643803e-06
4.659375e+01	-7.525073e-07	1.659904e-06
4.662500e+01	-1.482565e-07	1.675813e-06
4.665625e+01	6.384687e-07	1.684911e-06
4.668750e+01	6.906307e-07	1.744844e-06
4.671875e+01	4.507781e-09	1.834873e-06
4.675000e+01	-1.655110e-06	1.827268e-06
4.678125e+01	-2.790478e-07	1.753698e-06
4.681250e+01	7.494467e-07	1.681986e-06
4.684375e+01	-4.720675e-07	1.660407e-06
4.687500e+01	-1.778405e-07	1.656316e-06
4.690625e+01	6.436234e-08	1.664939e-06
4.693750e+01	-6.233108e-07	1.698183e-06
4.696875e+01	-1.023676e-06	1.692963e-06
4.700000e+01	-3.346728e-07	1.694531e-06
4.703125e+01	-8.502425e-07	1.687330e-06
4.706250e+01	5.890197e-07	1.689226e-06
4.709375e+01	3.018552e-07	1.697223e-06
4.712500e+01	-5.134125e-07	1.691946e-06
4.715625e+01	-1.042791e-06	1.687600e-06
4.718750e+01	7.100402e-08	1.689799e-06
4.721875e+01	2.530258e-07	1.711161e-06
4.725000e+01	1.219085e-07	1.753456e-06
4.728125e+01	3.346900e-07	1.717291e-06
4.731250e+01	-5.684776e-07	1.718006e-06
4.734375e+01	8.576431e-08	1.769822e-06
4.737500e+01	-1.256932e-06	1.837185e-06
4.740625e+01	-1.251015e-06	1.811386e-06
4.743750e+01	1.834315e-06	1.762271e-06
4.746875e+01	5.406223e-07	1.841384e-06
4.753125e+01	1.211226e-06	1.854838e-06
4.756250e+01	1.293067e-06	1.768357e-06
4.759375e+01	-4.577883e-07	1.773828e-06
4.762500e+01	-1.452830e-06	1.781412e-06
4.765625e+01	-5.303108e-07	1.833566e-06
4.771875e+01	-1.761503e-06	1.860715e-06
4.775000e+01	6.434534e-07	1.836497e-06
4.778125e+01	-1.042700e-06	1.835365e-06
4.781250e+01	-2.234552e-07	1.845121e-06
4.784375e+01	-6.524350e-07	1.859083e-06
4.787500e+01	-5.316024e-07	1.864867e-06
4.790625e+01	-1.718530e-07	1.870639e-06
4.793750e+01	1.722030e-07	1.888457e-06
4.796875e+01	-5.971509e-07	1.972661e-06
4.803125e+01	-5.605863e-07	1.982070e-06
4.806250e+01	-8.582525e-07	1.915906e-06
4.809375e+01	4.849676e-07	1.930998e-06
4.812500e+01	2.064912e-06	1.950979e-06
4.815625e+01	-1.359322e-07	1.954317e-06
4.818750e+01	6.850889e-07	1.963214e-06
4.821875e+01	4.056214e-07	1.994092e-06
4.825000e+01	-1.540235e-06	2.065280e-06
4.828125e+01	-2.350148e-06	3.023462e-06
4.831250e+01	8.802105e-07	3.269340e-06
4.834375e+01	-5.396662e-07	2.172749e-06
4.837500e+01	-8.855744e-08	2.094935e-06
4.840625e+01	4.243313e-08	2.070783e-06
4.843750e+01	-4.827257e-07	2.048036e-06
4.846875e+01	1.751273e-07	2.143828e-06
4.853125e+01	1.236558e-07	2.177754e-06
4.856250e+01	2.062000e-08	2.094178e-06
4.859375e+01	-1.195835e-06	2.096431e-06
4.862500e+01	-5.841605e-07	2.121893e-06
4.865625e+01	8.422274e-07	2.204953e-06
4.868750e+01	3.195684e-06	2.247590e-06
4.871875e+01	1.475248e-06	2.224331e-06
4.875000e+01	2.725672e-06	2.179239e-06
4.878125e+01	1.356879e-06	2.157126e-06
4.881250e+01	3.711127e-07	2.140821e-06
4.884375e+01	2.106942e-06	2.124464e-06
4.887500e+01	1.440477e-06	2.117647e-06
4.890625e+01	5.380559e-07	2.121674e-06
4.893750e+01	-9.801578e-07	2.120675e-06
4.896875e+01	-1.549603e-06	2.137982e-06
4.900000e+01	-1.342673e-06	2.155379e-06
4.903125e+01	1.990903e-06	2.133950e-06
4.906250e+01	-6.010518e-07	2.128060e-06
4.909375e+01	1.226331e-06	2.124703e-06
4.912500e+01	9.629670e-07	2.123108e-06
4.915625e+01	4.958028e-07	2.123983e-06
4.918750e+01	-4.861610e-07	2.140272e-06
4.921875e+01	1.171149e-06	2.157249e-06
4.925000e+01	-7.344324e-07	2.188979e-06
4.928125e+01	-6.073418e-08	2.176645e-06
4.931250e+01	-9.118318e-07	2.188500e-06
4.934375e+01	3.704256e-07	2.246085e-06
4.937500e+01	3.023357e-07	2.241701e-06
4.940625e+01	-1.955068e-08	2.202516e-06
4.943750e+01	3.048476e-07	2.193666e-06
4.946875e+01	1.015183e-06	2.287809e-06
4.953125e+01	1.037402e-06	2.294552e-06
4.956250e+01	-1.581468e-06	2.241470e-06
4.959375e+01	1.399473e-06	2.258378e-06
4.962500e+01	-5.496761e-07	2.278548e-06
4.965625e+01	-3.054115e-07	2.272114e-06
4.968750e+01	-8.081766e-07	2.266014e-06
4.971875e+01	3.571756e-07	2.257300e-06
4.975000e+01	1.027898e-06	2.287193e-06
4.978125e+01	3.306455e-07	2.376307e-06
4.981250e+01	4.992183e-07	2.413948e-06
4.984375e+01	-2.446285e-06	2.529656e-06
4.987500e+01	-1.946751e-06	2.480953e-06
4.990625e+01	-9.855590e-07	2.321990e-06
4.993750e+01	2.288466e-08	2.292530e-06
4.996875e+01	-7.510246e-07	2.286999e-06
5.000000e+01	9.187800e-07	2.302055e-06
5.003125e+01	9.853378e-07	2.280209e-06
5.006250e+01	1.076165e-06	2.299154e-06
5.009375e+01	-1.557278e-06	2.338905e-06
5.012500e+01	-5.323485e-07	2.503686e-06
5.015625e+01	5.572514e-07	2.560430e-06
5.018750e+01	-3.462444e-07	2.453131e-06
5.021875e+01	7.054750e-07	2.394260e-06
5.025000e+01	3.635540e-07	2.386080e-06
5.028125e+01	3.166380e-06	2.365433e-06
5.031250e+01	6.929781e-07	2.427825e-06
5.034375e+01	1.735665e-06	2.487402e-06
5.037500e+01	-8.460239e-07	2.454284e-06
5.040625e+01	-2.063962e-07	2.379120e-06
5.043750e+01	-2.761460e-07	2.360564e-06
5.046875e+01	1.153858e-07	2.486874e-06
5.053125e+01	-1.713538e-06	2.529478e-06
5.056250e+01	4.129602e-07	2.461284e-06
5.059375e+01	-1.479771e-07	2.560619e-06
5.062500e+01	-1.318427e-06	2.647302e-06
5.065625e+01	-9.938564e-07	2.608713e-06
5.068750e+01	-4.195210e-07	2.516290e-06
5.071875e+01	-8.328181e-07	2.484072e-06
5.075000e+01	1.314891e-06	2.475352e-06
5.078125e+01	8.540826e-07	2.468480e-06
5.081250e+01	-1.749212e-07	2.476812e-06
5.084375e+01	-1.601832e-06	2.486514e-06
5.087500e+01	3.031473e-07	2.500616e-06
5.090625e+01	-1.029526e-06	2.508742e-06
5.093750e+01	1.225430e-06	2.523370e-06
5.096875e+01	4.670336e-07	2.543921e-06
5.100000e+01	-1.592356e-06	2.591492e-06
5.103125e+01	6.448768e-07	2.581360e-06
5.106250e+01	1.607369e-06	2.571444e-06
5.109375e+01	-9.091851e-07	2.580347e-06
5.112500e+01	-7.068933e-07	2.588862e-06
5.115625e+01	-1.967894e-08	2.648274e-06
5.118750e+01	2.129197e-06	3.247759e-06
5.121875e+01	-1.230925e-06	3.141293e-06
5.125000e+01	1.519500e-06	2.699390e-06
5.128125e+01	8.886573e-07	2.694475e-06
5.131250e+01	9.869976e-07	2.755863e-06
5.134375e+01	7.367701e-08	2.757684e-06
5.137500e+01	-3.276692e-06	2.720982e-06
5.140625e+01	-5.106943e-07	2.688283e-06
5.143750e+01	-3.224163e-06	2.697712e-06
5.146875e+01	-1.261084e-06	2.819706e-06
5.153125e+01	3.162105e-06	2.846184e-06
5.156250e+01	1.927734e-06	2.741617e-06
5.159375e+01	-7.565678e-07	2.759086e-06
5.162500e+01	3.130199e-07	2.789705e-06
5.165625e+01	9.456661e-07	2.816938e-06
5.168750e+01	1.876700e-06	2.821881e-06
5.171875e+01	-4.611462e-07	2.809670e-06
5.175000e+01	1.487000e-07	2.821679e-06
5.178125e+01	8.980199e-07	2.828013e-06
5.181250e+01	-3.940459e-07	2.826229e-06
5.184375e+01	2.535752e-06	2.857131e-06
5.187500e+01	-9.598854e-07	2.862201e-06
5.190625e+01	2.501060e-07	2.855608e-06
5.193750e+01	1.437772e-06	2.868959e-06
5.196875e+01	-1.054732e-06	2.877850e-06
5.200000e+01	2.685638e-07	2.890433e-06
5.203125e+01	-1.563536e-06	2.889909e-06
5.206250e+01	7.969126e-07	2.901426e-06
5.209375e+01	5.488530e-07	2.911485e-06
5.212500e+01	-9.259365e-07	2.929812e-06
5.215625e+01	2.166601e-07	2.927990e-06
5.218750e+01	-3.763514e-07	2.935289e-06
5.221875e+01	-1.010894e-06	2.965368e-06
5.225000e+01	-5.869831e-07	3.001475e-06
5.228125e+01	6.668404e-07	3.035893e-06
5.231250e+01	2.676787e-06	3.097531e-06
5.234375e+01	2.263001e-06	3.125634e-06
5.237500e+01	8.870897e-07	3.084736e-06
5.240625e+01	-6.175744e-08	3.050845e-06
5.243750e+01	1.077643e-07	3.068763e-06
5.246875e+01	3.437096e-07	3.193954e-06
5.253125e+01	-4.279075e-07	3.288883e-06
5.256250e+01	-1.887101e-06	3.289194e-06
5.259375e+01	-1.100750e-07	3.325030e-06
5.262500e+01	-8.627227e-07	3.257118e-06
5.265625e+01	1.963993e-06	3.213320e-06
5.268750e+01	-1.078811e-06	3.235575e-06
5.271875e+01	2.597284e-06	3.226318e-06
5.275000e+01	1.824747e-06	3.202412e-06
5.278125e+01	-8.264362e-07	3.205135e-06
5.284375e+01	1.815991e-06	3.225630e-06
5.287500e+01	-1.674971e-06	3.243812e-06
5.290625e+01	-7.800683e-08	3.265851e-06
5.293750e+01	2.959530e-06	3.280799e-06
5.296875e+01	-3.919435e-07	3.301257e-06
5.300000e+01	-8.549928e-07	3.310978e-06
5.303125e+01	-1.717418e-06	3.314905e-06
5.306250e+01	1.230333e-06	3.319018e-06
5.309375e+01	3.048320e-07	3.314203e-06
5.312500e+01	-1.718931e-06	3.327736e-06
5.315625e+01	-5.542080e-07	3.333156e-06
5.318750e+01	3.784930e-07	3.355667e-06
5.321875e+01	3.333987e-06	3.383568e-06
5.325000e+01	-7.853387e-07	3.428763e-06
5.328125e+01	1.824863e-06	3.491545e-06
5.331250e+01	1.016438e-06	3.535982e-06
5.334375e+01	-2.239118e-06	3.521795e-06
5.337500e+01	-3.496278e-07	3.568032e-06
5.340625e+01	-6.181270e-07	3.626710e-06
5.343750e+01	1.552544e-07	3.592990e-06
5.346875e+01	2.980558e-06	3.640003e-06
5.353125e+01	-1.044021e-07	3.662860e-06
5.356250e+01	-1.506205e-06	3.571522e-06
5.359375e+01	8.696189e-07	3.606156e-06
5.362500e+01	3.642234e-08	3.643649e-06
5.365625e+01	1.260315e-07	3.747260e-06
5.368750e+01	-5.776781e-07	3.853320e-06
5.371875e+01	-2.162168e-06	3.890689e-06
5.375000e+01	-2.160751e-06	3.923714e-06
5.378125e+01	2.995331e-06	3.938556e-06
5.381250e+01	9.136393e-07	3.814167e-06
5.384375e+01	-7.629851e-07	3.788086e-06
5.387500e+01	3.787010e-07	3.815812e-06
5.390625e+01	1.113082e-06	3.878962e-06
5.393750e+01	-2.341779e-06	3.925835e-06
5.396875e+01	1.008475e-06	3.893631e-06
5.400000e+01	9.775415e-07	3.930810e-06
5.403125e+01	-1.642152e-06	3.962748e-06
5.406250e+01	-6.077423e-07	3.996116e-06
5.409375e+01	-8.605803e-07	4.082163e-06
5.412500e+01	-1.394581e-07	4.084115e-06
5.415625e+01	-1.785231e-06	4.094709e-06
5.418750e+01	1.528845e-06	4.115882e-06
5.421875e+01	-8.867969e-07	4.161427e-06
5.425000e+01	3.570490e-06	4.241201e-06
5.428125e+01	3.426541e-06	4.341995e-06
5.431250e+01	-3.290732e-06	4.368108e-06
5.434375e+01	2.443809e-06	4.355230e-06
5.437500e+01	-3.106078e-06	4.348983e-06
5.440625e+01	5.581619e-07	4.373280e-06
5.443750e+01	1.224594e-07	4.406229e-06
5.446875e+01	-1.841973e-06	4.601577e-06
5.453125e+01	-2.345952e-06	4.882105e-06
5.456250e+01	-1.626910e-06	4.721093e-06
5.459375e+01	-7.870013e-08	4.680572e-06
5.462500e+01	-1.385380e-06	4.696002e-06
5.465625e+01	-1.878725e-06	4.710113e-06
5.468750e+01	-1.184607e-06	4.735365e-06
5.471875e+01	-2.690142e-06	4.854755e-06
5.475000e+01	-1.130583e-06	5.016005e-06
5.478125e+01	-3.502665e-07	5.103805e-06
5.481250e+01	-1.029506e-06	4.950423e-06
5.484375e+01	5.594785e-07	4.881018e-06
5.487500e+01	2.079648e-06	4.890718e-06
5.490625e+01	2.529624e-07	4.895554e-06
5.493750e+01	1.934905e-07	4.888041e-06
5.496875e+01	2.674277e-06	4.900452e-06
5.500000e+01	2.380970e-08	4.909579e-06
5.503125e+01	2.570528e-06	4.932815e-06
5.506250e+01	1.314990e-06	4.978489e-06
5.509375e+01	1.285593e-06	5.031939e-06
5.512500e+01	7.090062e-08	5.086563e-06
5.515625e+01	2.537881e-06	5.135807e-06
5.518750e+01	-1.807539e-06	5.153193e-06
5.521875e+01	-7.708950e-08	5.178413e-06
5.525000e+01	-1.998143e-06	5.233818e-06
5.528125e+01	-2.057308e-06	5.298064e-06
5.531250e+01	-5.425842e-07	5.267249e-06
5.534375e+01	-3.514295e-07	5.236002e-06
5.537500e+01	-5.674761e-07	5.226913e-06
5.540625e+01	5.368509e-06	5.243083e-06
5.543750e+01	2.044722e-06	5.241448e-06
5.546875e+01	-3.734646e-06	5.396007e-06
5.553125e+01	-5.639156e-06	5.450800e-06
5.556250e+01	-1.824091e-06	5.354638e-06
5.559375e+01	1.004164e-06	5.422188e-06
5.562500e+01	8.776835e-08	5.446971e-06
5.565625e+01	2.555637e-07	5.452567e-06
5.568750e+01	-3.319152e-07	5.482941e-06
5.571875e+01	2.712760e-06	5.530968e-06
5.575000e+01	-9.067781e-07	5.570451e-06
5.578125e+01	1.630964e-07	5.647044e-06
5.581250e+01	-1.909711e-06	5.867503e-06
5.584375e+01	2.359952e-06	5.889022e-06
5.587500e+01	-5.357311e-07	5.688937e-06
5.590625e+01	1.169414e-06	5.644234e-06
5.593750e+01	1.858385e-06	5.668734e-06
5.596875e+01	3.345108e-06	5.713548e-06
5.600000e+01	-4.705757e-06	5.846339e-06
5.603125e+01	1.294527e-06	5.765557e-06
5.606250e+01	-4.641651e-06	5.762473e-06
5.609375e+01	-4.960010e-06	5.783002e-06
5.612500e+01	-1.218664e-06	5.812158e-06
5.615625e+01	1.551081e-06	5.843777e-06
5.618750e+01	1.833369e-07	5.875032e-06
5.621875e+01	2.162439e-06	5.920882e-06
5.625000e+01	-4.392978e-06	5.972336e-06
5.628125e+01	-2.598619e-06	6.001437e-06
5.631250e+01	-2.274859e-06	6.017661e-06
5.634375e+01	-3.070490e-07	6.016053e-06
5.637500e+01	-3.914081e-07	6.068684e-06
5.640625e+01	-4.869237e-06	6.135004e-06
5.643750e+01	-3.108985e-06	6.246057e-06
5.646875e+01	-1.635088e-06	6.595084e-06
5.653125e+01	-2.280405e-06	6.650766e-06
5.656250e+01	-1.433508e-06	6.403046e-06
5.659375e+01	-3.515493e-06	6.340070e-06
5.662500e+01	-3.633259e-06	6.333021e-06
5.665625e+01	-1.228337e-06	6.323700e-06
5.668750e+01	8.559471e-07	6.346823e-06
5.671875e+01	5.600004e-06	6.415714e-06
5.675000e+01	4.584151e-06	6.485092e-06
5.678125e+01	-1.210111e-07	6.540239e-06
5.681250e+01	1.338037e-06	8.724665e-06
5.684375e+01	1.111066e-05	1.043999e-05
5.687500e+01	-1.620465e-06	8.435767e-06
5.690625e+01	-1.640182e-06	7.003628e-06
5.693750e+01	4.468608e-07	6.749571e-06
5.696875e+01	5.453301e-06	6.781458e-06
5.700000e+01	-2.527055e-06	6.854086e-06
5.703125e+01	-4.476095e-06	6.887966e-06
5.706250e+01	9.393394e-07	6.970802e-06
5.709375e+01	1.012143e-06	7.034755e-06
5.712500e+01	7.493644e-07	7.112010e-06
5.715625e+01	-1.021132e-05	7.174683e-06
5.718750e+01	6.089233e-07	7.272787e-06
5.721875e+01	-2.742620e-06	7.429155e-06
5.725000e+01	-2.116912e-06	7.660346e-06
5.728125e+01	-4.608630e-06	7.775681e-06
5.731250e+01	5.194069e-06	7.797437e-06
5.734375e+01	6.971309e-06	7.823741e-06
5.737500e+01	2.979018e-06	7.895375e-06
5.740625e+01	-6.287599e-07	7.977309e-06
5.743750e+01	2.932877e-06	8.010844e-06
5.746875e+01	1.009716e-06	8.246729e-06
5.753125e+01	-8.059270e-07	8.295784e-06
5.756250e+01	1.591424e-06	8.312331e-06
5.759375e+01	6.177333e-08	8.513526e-06
5.762500e+01	-2.919557e-06	8.363525e-06
5.765625e+01	-1.048586e-05	8.387671e-06
5.768750e+01	-2.232628e-06	8.452326e-06
5.771875e+01	5.532866e-06	8.489373e-06
5.775000e+01	1.790661e-06	8.572147e-06
5.778125e+01	-4.556775e-06	8.702649e-06
5.781250e+01	-4.944890e-08	8.938459e-06
5.784375e+01	-3.838349e-06	9.114968e-06
5.787500e+01	-6.181716e-06	9.587701e-06
5.790625e+01	1.015557e-05	1.029190e-05
5.793750e+01	7.536034e-06	9.975715e-06
5.796875e+01	1.422353e-07	9.254097e-06
5.800000e+01	-6.500374e-07	9.136685e-06
5.803125e+01	-8.485876e-07	9.273870e-06
5.806250e+01	5.485351e-06	9.568285e-06
5.809375e+01	4.734816e-08	9.698024e-06
5.812500e+01	-3.315856e-06	9.618306e-06
5.815625e+01	2.069917e-06	9.684474e-06
5.818750e+01	2.062902e-07	9.890479e-06
5.821875e+01	3.138607e-06	1.031807e-05
5.825000e+01	3.729266e-06	1.075206e-05
5.828125e+01	-7.860408e-06	1.088120e-05
5.831250e+01	4.542794e-06	1.081577e-05
5.834375e+01	2.785417e-09	1.078956e-05
5.837500e+01	-1.734052e-06	1.090179e-05
5.840625e+01	-5.963685e-07	1.127542e-05
5.843750e+01	1.253102e-05	1.171757e-05
5.846875e+01	-9.481146e-06	1.238299e-05
5.853125e+01	-2.433091e-06	1.230737e-05
5.856250e+01	4.165248e-06	1.175792e-05
5.859375e+01	-1.165015e-06	1.159650e-05
5.862500e+01	-6.924722e-07	1.159860e-05
5.865625e+01	6.802624e-06	1.181310e-05
5.868750e+01	4.656566e-07	1.223366e-05
5.871875e+01	4.157991e-06	1.327122e-05
5.875000e+01	-7.907336e-08	1.458500e-05
5.878125e+01	-1.029030e-07	1.522437e-05
5.881250e+01	1.545628e-05	1.494675e-05
5.884375e+01	-4.058207e-06	1.398071e-05
5.887500e+01	1.606634e-05	1.321930e-05
5.890625e+01	1.034378e-05	1.339197e-05
5.893750e+01	5.029551e-06	1.469737e-05
5.896875e+01	-4.268858e-06	1.538914e-05
5.900000e+01	-7.177076e-06	1.469963e-05
5.903125e+01	4.954345e-06	1.371115e-05
5.906250e+01	-2.421675e-06	1.286874e-05
5.909375e+01	5.133233e-06	1.240156e-05
5.912500e+01	-1.637252e-06	1.235923e-05
5.915625e+01	-3.433883e-06	1.254511e-05
5.918750e+01	2.987826e-07	1.270515e-05
5.921875e+01	-4.792407e-06	1.281698e-05
5.925000e+01	-1.032698e-05	1.288491e-05
5.928125e+01	1.237987e-06	1.295450e-05
5.931250e+01	6.752463e-06	1.313624e-05
5.934375e+01	4.309949e-06	1.341346e-05
5.937500e+01	-6.885091e-06	1.371722e-05
5.940625e+01	4.893251e-06	1.420573e-05
5.943750e+01	2.741159e-06	1.511224e-05
5.946875e+01	1.443965e-05	1.633992e-05
5.953125e+01	-2.257531e-06	2.083157e-05
5.956250e+01	1.124138e-05	1.608875e-05
5.959375e+01	-1.895697e-05	1.737186e-05
5.962500e+01	-1.942308e-06	1.808222e-05
5.965625e+01	-6.775723e-06	1.799138e-05
5.968750e+01	-4.915686e-06	1.858202e-05
5.971875e+01	-7.297453e-06	1.996900e-05
5.975000e+01	-1.856197e-06	2.217741e-05
5.978125e+01	-1.077718e-05	2.490992e-05
5.981250e+01	4.485024e-06	2.936777e-05
5.984375e+01	7.920009e-06	3.488705e-05
5.987500e+01	1.196033e-05	3.811866e-05
6.012500e+01	5.487178e-06	4.720527e-05
6.015625e+01	7.856059e-06	4.444521e-05
6.018750e+01	-1.268175e-06	3.479297e-05
6.021875e+01	-1.337534e-05	2.771145e-05
6.025000e+01	3.088447e-06	2.461154e-05
6.028125e+01	3.619730e-06	2.265313e-05
6.031250e+01	-3.186033e-06	2.139839e-05
6.034375e+01	1.150406e-05	2.071417e-05
6.037500e+01	8.423493e-06	1.996272e-05
6.040625e+01	7.415712e-06	1.893332e-05
6.043750e+01	-3.479416e-08	1.836333e-05
6.046875e+01	3.656766e-06	1.841985e-05
6.053125e+01	1.474779e-05	1.913946e-05
6.056250e+01	8.901007e-06	1.919586e-05
6.059375e+01	-9.410548e-06	1.831595e-05
6.062500e+01	6.568724e-07	1.766407e-05
6.065625e+01	1.367795e-06	1.747881e-05
6.068750e+01	3.524397e-06	1.753766e-05
6.071875e+01	8.860401e-07	1.760545e-05
6.075000e+01	-8.743040e-06	1.774973e-05
6.078125e+01	-1.081063e-06	1.797130e-05
6.081250e+01	1.850897e-05	1.815793e-05
6.084375e+01	-1.436262e-05	1.821898e-05
6.087500e+01	3.114897e-06	1.832807e-05
6.090625e+01	3.889496e-06	1.858774e-05
6.093750e+01	-3.818555e-06	1.923750e-05
6.096875e+01	3.648205e-06	2.031085e-05
6.100000e+01	-5.172859e-06	2.178096e-05
6.103125e+01	5.740338e-07	2.323286e-05
6.106250e+01	5.952740e-07	2.281941e-05
6.109375e+01	-6.935172e-07	2.119339e-05
6.112500e+01	-1.622741e-06	2.105957e-05
6.115625e+01	-1.546193e-05	2.220039e-05
6.118750e+01	-6.002245e-07	2.380001e-05
6.121875e+01	1.469507e-05	2.462055e-05
6.125000e+01	8.290955e-06	2.386076e-05
6.128125e+01	7.796803e-06	2.254609e-05
6.131250e+01	5.770117e-06	2.174530e-05
6.134375e+01	9.822215e-06	2.151105e-05
6.137500e+01	8.313584e-06	2.144875e-05
6.140625e+01	-8.422176e-06	2.152190e-05
6.143750e+01	-1.908696e-05	2.178444e-05
6.146875e+01	-1.143841e-05	2.241261e-05
6.153125e+01	1.506339e-05	2.312440e-05
6.156250e+01	3.281956e-06	2.300043e-05
6.159375e+01	-1.186295e-06	2.311470e-05
6.162500e+01	9.354497e-07	2.320637e-05
6.165625e+01	-2.781569e-06	2.334301e-05
6.168750e+01	4.799670e-06	2.365478e-05
6.171875e+01	1.524412e-05	2.420515e-05
6.175000e+01	7.911615e-06	2.452363e-05
6.178125e+01	1.199390e-05	2.441113e-05
6.181250e+01	-1.302840e-05	2.432390e-05
6.184375e+01	1.255510e-05	2.437204e-05
6.187500e+01	1.765012e-05	2.457451e-05
6.190625e+01	1.870821e-05	2.497312e-05
6.193750e+01	2.420376e-06	2.526750e-05
6.196875e+01	1.037134e-05	2.551164e-05
6.200000e+01	-1.533833e-05	2.597557e-05
6.203125e+01	1.124672e-05	2.676277e-05
6.206250e+01	2.683739e-05	2.884978e-05
6.209375e+01	1.692192e-05	3.031984e-05
6.212500e+01	-3.961637e-06	2.945609e-05
6.215625e+01	-6.298929e-06	2.928359e-05
6.218750e+01	1.769696e-06	2.973456e-05
6.221875e+01	-3.549879e-06	2.997078e-05
6.225000e+01	-1.217874e-05	3.004469e-05
6.228125e+01	-1.077774e-05	3.084374e-05
6.231250e+01	5.509170e-06	3.191004e-05
6.234375e+01	1.077431e-06	3.227114e-05
6.237500e+01	-5.166571e-06	3.260065e-05
6.240625e+01	-2.015270e-05	3.325974e-05
6.243750e+01	4.666990e-06	3.382168e-05
6.246875e+01	-4.213541e-06	3.512868e-05
6.253125e+01	1.657690e-05	3.670731e-05
6.256250e+01	7.571259e-06	3.692706e-05
6.259375e+01	-2.045123e-05	3.789436e-05
6.262500e+01	1.057186e-05	3.871992e-05
6.265625e+01	2.273086e-05	3.958781e-05
6.268750e+01	-6.688779e-06	4.039249e-05
6.271875e+01	-2.538792e-05	4.124273e-05
6.275000e+01	-8.232953e-07	4.209742e-05
6.278125e+01	3.314800e-06	4.321536e-05
6.281250e+01	-2.185303e-05	4.495001e-05
6.284375e+01	-3.161798e-05	4.543473e-05
6.287500e+01	1.288165e-05	4.591163e-05
6.290625e+01	-1.304767e-05	4.690298e-05
6.293750e+01	-1.025685e-05	4.794386e-05
6.296875e+01	-3.950913e-06	4.925883e-05
6.300000e+01	-2.311464e-05	5.046734e-05
6.303125e+01	1.266759e-05	5.184526e-05
6.306250e+01	-7.487445e-08	5.366526e-05
6.309375e+01	1.014019e-07	5.713792e-05
6.312500e+01	-6.880335e-05	6.087464e-05
6.315625e+01	-2.290107e-05	6.120402e-05
6.318750e+01	-1.144168e-05	6.105631e-05
6.321875e+01	2.251063e-05	6.250337e-05
6.325000e+01	2.489679e-05	6.441890e-05
6.328125e+01	-2.760215e-05	6.651607e-05
6.331250e+01	-2.796281e-05	6.899680e-05
6.334375e+01	1.862124e-05	7.126868e-05
6.337500e+01	-3.499119e-05	7.397987e-05
6.340625e+01	-1.593022e-05	7.731534e-05
6.343750e+01	1.025957e-04	8.067661e-05
6.346875e+01	-1.613180e-05	8.549834e-05
6.353125e+01	1.913965e-05	9.243054e-05
6.356250e+01	3.610816e-05	9.530533e-05
6.359375e+01	1.604041e-05	9.954396e-05
6.362500e+01	-6.388513e-05	1.043110e-04
6.365625e+01	-4.983594e-05	1.092711e-04
6.368750e+01	-7.295269e-06	1.147639e-04
6.371875e+01	-1.489693e-05	1.211601e-04
6.375000e+01	7.878515e-05	1.280184e-04
6.378125e+01	-1.440103e-04	1.357321e-04
6.381250e+01	-1.678731e-04	1.445284e-04
6.384375e+01	7.802441e-05	1.545850e-04
6.387500e+01	-4.240912e-06	1.653420e-04
6.390625e+01	1.324111e-06	1.772668e-04
6.393750e+01	1.063155e-04	1.918373e-04
6.396875e+01	6.255968e-05	3.780433e-04
6.403125e+01	-1.058521e-04	4.565015e-04
6.406250e+01	-6.748829e-05	2.790893e-04
6.409375e+01	8.904334e-05	3.132272e-04
6.412500e+01	1.041162e-04	3.620414e-04
6.415625e+01	1.944477e-04	4.314006e-04
6.418750e+01	-3.191662e-04	5.150071e-04
6.421875e+01	-5.574106e-04	6.227604e-04
6.425000e+01	-2.745837e-04	8.102812e-04
6.428125e+01	-5.947369e-04	1.165628e-03
6.431250e+01	4.320382e-04	2.050016e-03
6.434375e+01	-1.166458e-03	8.521238e-03
6.437500e+01	1.491579e-03	4.007866e-03
6.440625e+01	-1.451029e-03	1.630247e-03
6.443750e+01	-5.632848e-04	1.023834e-03
6.446875e+01	-1.706595e-04	7.553338e-04
6.453125e+01	2.528802e-04	4.944898e-04
6.456250e+01	-2.752691e-04	4.158082e-04
6.459375e+01	-4.279961e-05	3.618789e-04
6.462500e+01	2.934614e-04	3.222388e-04
6.465625e+01	-7.853081e-05	2.894902e-04
6.468750e+01	7.002648e-05	2.639174e-04
6.471875e+01	1.472263e-04	2.419415e-04
6.475000e+01	3.104977e-04	2.234503e-04
6.478125e+01	-9.828999e-05	2.076560e-04
6.481250e+01	2.125805e-04	1.930398e-04
6.484375e+01	1.092881e-04	1.806789e-04
6.487500e+01	-1.083567e-04	1.706233e-04
6.490625e+01	3.584605e-05	1.614078e-04
6.493750e+01	-1.843318e-05	1.522959e-04
6.496875e+01	-1.862440e-05	1.444264e-04
6.500000e+01	3.683057e-05	1.381288e-04
6.503125e+01	-1.228645e-05	1.318163e-04
6.506250e+01	3.516017e-05	1.256636e-04
6.509375e+01	-5.459576e-05	1.205103e-04
6.512500e+01	-1.414570e-05	1.160458e-04
6.515625e+01	-7.067838e-05	1.118209e-04
6.518750e+01	1.274550e-05	1.092294e-04
6.521875e+01	2.711015e-05	1.059486e-04
6.525000e+01	-6.830759e-06	1.007776e-04
6.528125e+01	-5.860600e-05	9.724585e-05
6.531250e+01	-1.262289e-05	9.374488e-05
6.534375e+01	-3.888892e-05	9.014681e-05
6.537500e+01	4.364083e-06	8.736207e-05
6.540625e+01	3.072992e-05	8.529746e-05
6.543750e+01	-4.452110e-06	8.244809e-05
6.546875e+01	-3.374389e-05	8.081907e-05
6.553125e+01	3.613227e-06	7.653969e-05
6.556250e+01	-2.063071e-05	7.389596e-05
6.559375e+01	-4.881220e-06	7.186205e-05
6.562500e+01	-2.759474e-05	7.004321e-05
6.565625e+01	-3.542841e-05	6.842130e-05
6.568750e+01	-2.500051e-05	6.694478e-05
6.571875e+01	-1.280097e-05	6.541936e-05
6.575000e+01	-1.630892e-05	6.381084e-05
6.578125e+01	3.550026e-06	6.226418e-05
6.581250e+01	2.100739e-06	6.091788e-05
6.584375e+01	-2.411181e-05	5.967643e-05
6.587500e+01	2.024711e-05	5.857190e-05
6.590625e+01	-3.145841e-06	5.715020e-05
6.593750e+01	-3.118079e-05	5.586633e-05
6.596875e+01	-1.184614e-05	5.472227e-05
6.600000e+01	2.805723e-05	5.354846e-05
6.603125e+01	7.774457e-06	5.242349e-05
6.606250e+01	5.298744e-05	5.141097e-05
6.609375e+01	-1.122287e-05	5.041753e-05
6.612500e+01	-2.857843e-05	4.954940e-05
6.615625e+01	-5.245497e-06	4.873357e-05
6.618750e+01	6.147654e-06	4.806497e-05
6.621875e+01	5.096416e-06	4.747058e-05
6.625000e+01	-1.076903e-05	4.663147e-05
6.628125e+01	-1.086918e-05	4.542260e-05
6.631250e+01	2.545486e-05	4.437640e-05
6.634375e+01	3.230038e-05	4.379490e-05
6.637500e+01	7.639977e-06	4.340417e-05
6.640625e+01	-1.537911e-06	4.252156e-05
6.643750e+01	-9.557521e-08	4.178069e-05
6.646875e+01	8.695207e-06	4.166438e-05
6.653125e+01	2.430820e-05	4.028296e-05
6.656250e+01	1.096904e-05	3.908582e-05
6.659375e+01	-5.677406e-06	3.868596e-05
6.662500e+01	9.555937e-06	3.825240e-05
6.665625e+01	-2.189032e-05	3.868317e-05
6.668750e+01	1.177727e-05	3.781167e-05
6.671875e+01	-4.516833e-06	3.677416e-05
6.675000e+01	2.391742e-05	3.682400e-05
6.678125e+01	2.019706e-05	3.625102e-05
6.681250e+01	-2.547500e-05	3.556553e-05
6.684375e+01	2.599173e-06	3.510322e-05
6.687500e+01	1.476093e-05	3.472780e-05
6.690625e+01	-9.889816e-06	3.426256e-05
6.693750e+01	1.828418e-07	3.393677e-05
6.696875e+01	-2.384682e-05	3.352499e-05
6.700000e+01	-1.795133e-05	3.314803e-05
6.703125e+01	-1.653839e-05	3.279512e-05
6.706250e+01	-5.600478e-06	3.249231e-05
6.709375e+01	2.770510e-06	3.220339e-05
6.712500e+01	1.780986e-05	3.199178e-05
6.715625e+01	-1.565434e-06	3.173980e-05
6.718750e+01	1.435533e-05	3.140903e-05
6.721875e+01	2.217671e-05	3.109174e-05
6.725000e+01	1.810738e-05	3.079829e-05
6.728125e+01	-6.245897e-06	3.062368e-05
6.731250e+01	-2.360310e-05	3.052313e-05
6.734375e+01	-2.327068e-05	3.013178e-05
6.737500e+01	-2.197832e-05	2.980039e-05
6.740625e+01	-6.264513e-06	2.956750e-05
6.743750e+01	1.854689e-05	2.937791e-05
6.746875e+01	-1.881630e-05	2.953955e-05
6.753125e+01	-3.319677e-05	2.901438e-05
6.756250e+01	-1.038246e-05	2.867302e-05
6.759375e+01	-8.170913e-06	2.842530e-05
6.762500e+01	1.738399e-05	2.818552e-05
6.765625e+01	2.637957e-06	2.798181e-05
6.768750e+01	2.494932e-05	2.775421e-05
6.771875e+01	-1.384841e-05	2.756073e-05
6.775000e+01	1.542880e-05	2.744294e-05
6.778125e+01	-1.817285e-05	2.727220e-05
6.781250e+01	-2.738713e-06	2.699130e-05
6.784375e+01	-1.298393e-05	2.686230e-05
6.787500e+01	-2.911916e-06	2.677662e-05
6.790625e+01	7.342000e-07	2.650069e-05
6.793750e+01	9.055110e-06	2.631338e-05
6.796875e+01	-7.404405e-06	2.608927e-05
6.800000e+01	-1.439165e-05	2.598527e-05
6.803125e+01	1.049738e-05	2.591877e-05
6.806250e+01	-2.854981e-06	2.580529e-05
6.809375e+01	1.223338e-05	2.587241e-05
6.812500e+01	-2.700620e-05	2.549029e-05
6.815625e+01	1.632683e-05	2.518551e-05
6.818750e+01	1.850574e-05	2.503235e-05
6.821875e+01	-4.247195e-06	2.483135e-05
6.825000e+01	-1.028316e-05	2.466440e-05
6.828125e+01	1.523527e-06	2.450777e-05
6.831250e+01	1.325611e-05	2.449001e-05
6.834375e+01	3.559418e-06	2.447199e-05
6.837500e+01	-2.601004e-05	2.413588e-05
6.840625e+01	-9.879572e-06	2.389811e-05
6.843750e+01	-8.763057e-06	2.381529e-05
6.846875e+01	-1.065439e-05	2.380359e-05
6.853125e+01	1.464974e-05	2.363850e-05
6.856250e+01	-1.520071e-05	2.331654e-05
6.859375e+01	-6.206842e-06	2.315626e-05
6.862500e+01	-6.044739e-06	2.302233e-05
6.865625e+01	1.041436e-05	2.290891e-05
6.868750e+01	-4.655005e-06	2.274944e-05
6.871875e+01	7.271407e-06	2.266047e-05
6.875000e+01	-1.161381e-06	2.259052e-05
6.878125e+01	2.471960e-06	2.249028e-05
6.881250e+01	2.500919e-07	2.233615e-05
6.884375e+01	1.271535e-05	2.233291e-05
6.887500e+01	-3.906977e-06	2.226225e-05
6.890625e+01	-3.857871e-07	2.214100e-05
6.893750e+01	7.596415e-06	2.203395e-05
6.896875e+01	-1.873719e-05	2.198876e-05
6.900000e+01	-1.754206e-05	2.197761e-05
6.903125e+01	-1.166057e-05	2.182481e-05
6.906250e+01	2.759554e-07	2.167900e-05
6.909375e+01	3.350414e-08	2.155804e-05
6.912500e+01	1.712014e-05	2.148882e-05
6.915625e+01	1.111353e-05	2.147914e-05
6.918750e+01	-2.471918e-06	2.142119e-05
6.921875e+01	7.586323e-06	2.124809e-05
6.925000e+01	1.209324e-05	2.122246e-05
6.928125e+01	6.920182e-06	2.127569e-05
6.931250e+01	-1.233367e-05	2.118536e-05
6.934375e+01	-5.110847e-06	2.115938e-05
6.937500e+01	-1.843721e-05	2.118555e-05
6.940625e+01	5.871306e-06	2.106699e-05
6.943750e+01	1.593253e-05	2.098205e-05
6.946875e+01	8.191043e-07	2.110148e-05
6.953125e+01	-2.839402e-07	2.085639e-05
6.956250e+01	-5.121170e-06	2.072415e-05
6.959375e+01	-3.610629e-06	2.070673e-05
6.962500e+01	1.265460e-05	2.062584e-05
6.965625e+01	-2.414064e-06	2.055274e-05
6.968750e+01	9.420594e-06	2.055977e-05
6.971875e+01	-4.218200e-06	2.045716e-05
6.975000e+01	-1.007656e-05	2.033800e-05
6.978125e+01	-1.075162e-05	2.022058e-05
6.981250e+01	8.227261e-06	2.020356e-05
6.984375e+01	-1.633230e-05	2.018659e-05
6.987500e+01	-4.459517e-06	2.011148e-05
6.990625e+01	2.614444e-06	2.005885e-05
6.993750e+01	2.211914e-05	1.993814e-05
6.996875e+01	1.432418e-05	1.993670e-05
7.000000e+01	1.720386e-05	2.035002e-05
7.003125e+01	1.017220e-05	2.136717e-05
7.006250e+01	2.189649e-06	2.177275e-05
7.009375e+01	-9.439138e-06	2.174347e-05
7.012500e+01	3.242137e-06	2.258838e-05
7.015625e+01	-8.838500e-06	2.058057e-05
7.018750e+01	-1.938851e-05	1.932265e-05
7.021875e+01	7.367015e-06	1.899673e-05
7.025000e+01	4.410390e-06	1.882773e-05
7.028125e+01	-1.809547e-05	1.868531e-05
7.031250e+01	3.852745e-06	1.853886e-05
7.034375e+01	-5.684184e-06	1.845446e-05
7.037500e+01	-2.291325e-06	1.833198e-05
7.040625e+01	3.213426e-07	1.825432e-05
7.043750e+01	-4.359137e-06	1.819355e-05
7.046875e+01	9.376593e-06	1.814664e-05
7.053125e+01	1.256055e-05	1.795442e-05
7.056250e+01	8.612882e-07	1.765660e-05
7.059375e+01	-3.699807e-07	1.758358e-05
7.062500e+01	-4.699857e-06	1.747500e-05
7.065625e+01	-6.887497e-07	1.729795e-05
7.068750e+01	8.390342e-06	1.719088e-05
7.071875e+01	8.386088e-06	1.709124e-05
7.075000e+01	4.951035e-06	1.701816e-05
7.078125e+01	-5.356179e-06	1.696735e-05
7.081250e+01	-9.941005e-06	1.689764e-05
7.084375e+01	-1.001325e-05	1.679180e-05
7.087500e+01	7.001210e-06	1.678300e-05
7.090625e+01	-7.219689e-06	1.710733e-05
7.093750e+01	1.162529e-06	1.723758e-05
7.096875e+01	1.031398e-05	1.755907e-05
7.103125e+01	1.962035e-05	1.752279e-05
7.106250e+01	-4.435941e-06	1.720990e-05
7.109375e+01	1.057437e-05	1.750145e-05
7.112500e+01	6.413689e-06	1.738279e-05
7.115625e+01	-2.266190e-06	1.682174e-05
7.118750e+01	5.910665e-06	1.652209e-05
7.121875e+01	7.563446e-06	1.653862e-05
7.125000e+01	-1.668083e-06	1.669286e-05
7.128125e+01	1.451168e-05	1.662496e-05
7.131250e+01	1.348293e-06	1.630280e-05
7.134375e+01	-5.073460e-06	1.585962e-05
7.137500e+01	-5.548239e-06	1.556160e-05
7.140625e+01	-8.330769e-07	1.553145e-05
7.143750e+01	5.790928e-06	1.531085e-05
7.146875e+01	-3.556900e-06	1.530532e-05
7.153125e+01	5.153349e-06	1.501575e-05
7.156250e+01	9.662036e-06	1.481131e-05
7.159375e+01	5.123434e-06	1.473004e-05
7.162500e+01	-5.686590e-06	1.467878e-05
7.165625e+01	1.055542e-05	1.462022e-05
7.168750e+01	-4.586361e-07	1.455256e-05
7.171875e+01	6.324439e-06	1.447594e-05
7.175000e+01	6.615875e-06	1.446504e-05
7.178125e+01	-9.600338e-06	1.444840e-05
7.181250e+01	-2.277609e-07	1.444660e-05
7.184375e+01	-2.839852e-06	1.442753e-05
7.187500e+01	8.441256e-06	1.818486e-05
7.190625e+01	2.078407e-05	2.002412e-05
7.193750e+01	4.742612e-06	1.929133e-05
7.196875e+01	8.866687e-06	1.439383e-05
7.200000e+01	-6.668279e-06	1.425070e-05
7.203125e+01	6.323568e-06	1.410340e-05
7.206250e+01	-9.461524e-06	1.403997e-05
7.209375e+01	9.903313e-06	1.407303e-05
7.212500e+01	7.154773e-06	1.405235e-05
7.215625e+01	-2.808013e-06	1.397592e-05
7.218750e+01	8.303064e-07	1.393357e-05
7.221875e+01	6.309832e-06	1.386757e-05
7.225000e+01	3.138958e-07	1.383499e-05
7.228125e+01	-8.070515e-06	1.383866e-05
7.231250e+01	8.235545e-06	1.380257e-05
7.234375e+01	-4.175505e-06	1.377915e-05
7.237500e+01	-1.670417e-06	1.377010e-05
7.240625e+01	3.192383e-06	1.371606e-05
7.243750e+01	-2.516010e-06	1.364427e-05
7.246875e+01	3.349241e-06	1.374502e-05
7.253125e+01	-9.603571e-06	1.367841e-05
7.256250e+01	7.740778e-06	1.356644e-05
7.259375e+01	1.257724e-06	1.352794e-05
7.262500e+01	1.042496e-06	1.347472e-05
7.265625e+01	-5.514760e-06	1.339744e-05
7.268750e+01	-9.326487e-06	1.337760e-05
7.271875e+01	-4.170477e-06	1.332571e-05
7.275000e+01	2.252745e-06	1.333092e-05
7.278125e+01	4.444632e-06	1.327248e-05
7.281250e+01	1.909821e-07	1.324253e-05
7.284375e+01	5.876352e-06	1.317522e-05
7.287500e+01	-2.602640e-06	1.312819e-05
7.290625e+01	-9.737029e-06	1.314271e-05
7.293750e+01	7.932619e-06	1.312017e-05
7.296875e+01	2.184928e-06	1.304183e-05
7.300000e+01	-3.111175e-06	1.295529e-05
7.303125e+01	5.202597e-06	1.291989e-05
7.306250e+01	4.396745e-06	1.287723e-05
7.309375e+01	2.551786e-07	1.284395e-05
7.312500e+01	3.116990e-07	1.281083e-05
7.315625e+01	3.248120e-06	1.272011e-05
7.318750e+01	-8.276922e-06	1.265069e-05
7.321875e+01	1.220693e-06	1.264918e-05
7.325000e+01	-5.149223e-06	1.265455e-05
7.328125e+01	8.308725e-06	1.262148e-05
7.331250e+01	6.854454e-06	1.259967e-05
7.334375e+01	3.717960e-06	1.256342e-05
7.337500e+01	-5.205519e-06	1.255914e-05
7.340625e+01	-5.155381e-06	1.253680e-05
7.343750e+01	-1.032777e-05	1.253320e-05
7.346875e+01	6.296553e-06	1.263096e-05
7.353125e+01	-1.075465e-05	1.261540e-05
7.356250e+01	-6.498364e-06	1.256286e-05
7.359375e+01	5.894332e-06	1.259081e-05
7.362500e+01	-1.228677e-06	1.256758e-05
7.365625e+01	-8.263719e-06	1.257598e-05
7.368750e+01	-6.155448e-06	1.254870e-05
7.371875e+01	-5.352863e-06	1.256762e-05
7.375000e+01	-1.184323e-06	1.258135e-05
7.378125e+01	-9.821089e-06	1.259974e-05
7.381250e+01	2.364559e-06	1.265510e-05
7.384375e+01	-8.980183e-06	1.298155e-05
7.387500e+01	-5.617133e-06	4.257551e-05
7.390625e+01	-1.527604e-05	6.231261e-05
7.393750e+01	-5.509825e-07	2.563525e-05
7.396875e+01	-8.816534e-06	1.275908e-05
7.400000e+01	-7.449592e-06	1.277910e-05
7.403125e+01	1.107565e-05	1.279627e-05
7.406250e+01	1.327058e-05	1.282934e-05
7.409375e+01	2.666073e-06	1.287799e-05
7.412500e+01	4.091996e-06	1.288846e-05
7.415625e+01	-3.472745e-06	1.293614e-05
7.418750e+01	4.520329e-06	1.296854e-05
7.421875e+01	-4.933443e-06	1.298808e-05
7.425000e+01	-5.306843e-07	1.303709e-05
7.428125e+01	5.388161e-06	1.304649e-05
7.431250e+01	-1.483093e-06	1.304069e-05
7.434375e+01	9.474851e-06	1.303548e-05
7.437500e+01	7.661251e-06	1.306578e-05
7.440625e+01	-1.011024e-05	1.313247e-05
7.443750e+01	-2.687580e-06	1.312092e-05
7.446875e+01	-2.335427e-06	1.332624e-05
7.453125e+01	-3.614761e-06	1.348083e-05
7.456250e+01	4.687275e-06	1.316058e-05
7.459375e+01	-5.712114e-06	1.320080e-05
7.462500e+01	-7.902877e-06	1.316456e-05
7.465625e+01	1.239816e-05	1.317660e-05
7.468750e+01	-4.716715e-06	1.315677e-05
7.471875e+01	5.962086e-06	1.311596e-05
7.475000e+01	-8.197040e-06	1.313405e-05
7.478125e+01	-6.476266e-07	1.313405e-05
7.481250e+01	-4.814716e-06	1.308627e-05
7.484375e+01	7.734512e-08	1.303566e-05
7.487500e+01	3.338090e-06	1.300905e-05
7.490625e+01	1.259963e-06	1.304782e-05
7.493750e+01	-6.822402e-06	1.300875e-05
7.496875e+01	-1.823157e-06	1.297337e-05
7.500000e+01	1.397438e-06	1.300146e-05
7.503125e+01	2.929446e-06	1.291399e-05
7.506250e+01	-8.670148e-06	1.282670e-05
7.509375e+01	3.622287e-07	1.277050e-05
7.512500e+01	1.155858e-05	1.271666e-05
7.515625e+01	-1.846670e-06	1.265684e-05
7.518750e+01	6.311910e-06	1.263115e-05
7.521875e+01	1.108708e-05	1.254884e-05
7.525000e+01	-1.403927e-06	1.248890e-05
7.528125e+01	-1.232526e-05	1.244053e-05
7.531250e+01	2.480232e-06	1.235611e-05
7.534375e+01	3.786522e-06	1.233342e-05
7.537500e+01	-6.129286e-06	1.228168e-05
7.540625e+01	4.368080e-06	1.223485e-05
7.543750e+01	5.727384e-06	1.215410e-05
7.546875e+01	4.264995e-06	1.213009e-05
7.553125e+01	2.527731e-07	1.204695e-05
7.556250e+01	5.432969e-06	1.187978e-05
7.559375e+01	8.307116e-06	1.187247e-05
7.562500e+01	1.218446e-05	1.178865e-05
7.565625e+01	6.985833e-06	1.169703e-05
7.568750e+01	-2.422511e-06	1.167999e-05
7.571875e+01	-5.076448e-06	1.164249e-05
7.575000e+01	5.876041e-06	1.156417e-05
7.578125e+01	9.679433e-06	1.149334e-05
7.581250e+01	-4.228530e-07	1.138633e-05
7.584375e+01	-4.457218e-06	1.129408e-05
7.587500e+01	8.486510e-06	1.127405e-05
7.590625e+01	4.989790e-06	1.117891e-05
7.593750e+01	-9.568394e-07	1.114012e-05
7.596875e+01	9.330262e-07	1.113140e-05
7.600000e+01	-3.953812e-06	1.107662e-05
7.603125e+01	-1.062801e-06	1.097720e-05
7.606250e+01	5.778162e-06	1.090217e-05
7.609375e+01	-3.561123e-06	1.086528e-05
7.612500e+01	5.628467e-06	1.081321e-05
7.615625e+01	1.058165e-05	1.076534e-05
7.618750e+01	9.091048e-06	1.070309e-05
7.621875e+01	-1.477506e-06	1.067572e-05
7.625000e+01	-2.554677e-06	1.063294e-05
7.628125e+01	-1.395677e-06	1.056941e-05
7.631250e+01	-1.034700e-06	1.055267e-05
7.634375e+01	-5.874283e-06	1.052381e-05
7.637500e+01	-5.380963e-06	1.045225e-05
7.640625e+01	-9.869911e-06	1.045686e-05
7.643750e+01	2.346429e-07	1.046878e-05
7.646875e+01	-5.630031e-08	1.048257e-05
7.653125e+01	-1.537629e-07	1.046289e-05
7.656250e+01	3.389699e-06	1.037573e-05
7.659375e+01	-5.722188e-06	1.036247e-05
7.662500e+01	8.356182e-06	1.077306e-05
7.665625e+01	3.387274e-06	1.094831e-05
7.668750e+01	7.388883e-06	1.055097e-05
7.671875e+01	-1.058939e-06	1.039826e-05
7.675000e+01	1.002677e-06	1.042920e-05
7.678125e+01	3.909921e-06	1.086639e-05
7.681250e+01	-2.536936e-06	1.133594e-05
7.684375e+01	-5.624003e-06	1.184956e-05
7.687500e+01	3.154962e-06	1.137519e-05
7.690625e+01	1.129818e-05	1.046937e-05
7.693750e+01	-1.013426e-05	1.037842e-05
7.696875e+01	1.565277e-06	1.028105e-05
7.700000e+01	3.234899e-06	1.026877e-05
7.703125e+01	-2.855093e-06	1.029637e-05
7.706250e+01	2.659243e-06	1.024539e-05
7.709375e+01	1.518043e-06	1.024989e-05
7.712500e+01	-7.789024e-07	1.029597e-05
7.715625e+01	-4.194490e-06	1.025779e-05
7.718750e+01	4.676263e-06	1.026854e-05
7.721875e+01	-3.949532e-06	1.035451e-05
7.725000e+01	6.957719e-06	1.037065e-05
7.728125e+01	4.567957e-06	1.036405e-05
7.731250e+01	1.801799e-06	1.038878e-05
7.734375e+01	2.817622e-06	1.037100e-05
7.737500e+01	-1.339202e-05	1.036152e-05
7.740625e+01	-1.062633e-06	1.035637e-05
7.743750e+01	6.423813e-06	1.040093e-05
7.746875e+01	-2.026364e-06	1.049255e-05
7.753125e+01	-9.142591e-07	1.053486e-05
7.756250e+01	-5.324301e-06	1.050181e-05
7.759375e+01	3.838700e-06	1.051505e-05
7.762500e+01	-1.224737e-05	1.052373e-05
7.765625e+01	-3.134444e-06	1.054048e-05
7.768750e+01	-1.931639e-06	1.062497e-05
7.771875e+01	-6.872272e-06	1.065298e-05
7.775000e+01	-4.550837e-07	1.064395e-05
7.778125e+01	-9.651685e-07	1.065985e-05
7.781250e+01	-2.172496e-07	1.066595e-05
7.784375e+01	1.039846e-05	1.068963e-05
7.787500e+01	-7.796008e-06	1.069884e-05
7.790625e+01	-4.917724e-06	1.070942e-05
7.793750e+01	-2.633356e-06	1.072108e-05
7.796875e+01	7.763175e-06	1.077179e-05
7.800000e+01	-5.391743e-06	1.079341e-05
7.803125e+01	3.151080e-07	1.075198e-05
7.806250e+01	1.445100e-06	1.075064e-05
7.809375e+01	1.415390e-05	1.074065e-05
7.812500e+01	-5.791610e-06	1.074452e-05
7.815625e+01	6.613934e-07	1.078394e-05
7.818750e+01	1.069908e-06	1.074788e-05
7.821875e+01	4.531714e-06	1.078351e-05
7.825000e+01	1.632585e-06	1.081284e-05
7.828125e+01	4.786083e-06	1.080106e-05
7.831250e+01	-5.622142e-06	1.079473e-05
7.834375e+01	-4.960274e-08	1.078857e-05
7.837500e+01	3.621755e-06	1.079136e-05
7.840625e+01	4.295011e-06	1.075816e-05
7.843750e+01	2.679746e-06	1.074453e-05
7.846875e+01	-1.001268e-06	1.078924e-05
7.853125e+01	-5.871842e-07	1.087457e-05
7.856250e+01	-5.083497e-06	1.077564e-05
7.859375e+01	1.387929e-07	1.076750e-05
7.862500e+01	8.817916e-06	1.076738e-05
7.865625e+01	-2.118857e-05	1.076557e-05
7.868750e+01	1.925858e-06	1.071966e-05
7.871875e+01	3.483865e-06	1.070520e-05
7.875000e+01	-1.322581e-07	1.073933e-05
7.878125e+01	-3.703248e-06	1.071926e-05
7.881250e+01	-3.561107e-06	1.071818e-05
7.884375e+01	-7.578352e-06	1.075574e-05
7.887500e+01	3.712300e-06	1.070959e-05
7.890625e+01	1.651317e-06	1.068162e-05
7.893750e+01	-6.068289e-07	1.067406e-05
7.896875e+01	1.230673e-06	1.064615e-05
7.900000e+01	-6.267730e-07	1.061528e-05
7.903125e+01	7.472379e-06	1.061227e-05
7.906250e+01	-2.243917e-06	1.058532e-05
7.909375e+01	-5.472216e-06	1.054071e-05
7.912500e+01	-4.452395e-06	1.049980e-05
7.915625e+01	9.942107e-06	1.049643e-05
7.918750e+01	-2.536127e-07	1.082662e-05
7.921875e+01	-3.654036e-06	1.074092e-05
7.925000e+01	-2.468759e-06	1.044927e-05
7.928125e+01	3.056755e-06	1.041415e-05
7.931250e+01	9.063478e-06	1.040096e-05
7.934375e+01	2.476725e-06	1.039273e-05
7.937500e+01	-6.327392e-07	1.037010e-05
7.940625e+01	4.249532e-06	1.032183e-05
7.943750e+01	3.108759e-06	1.028617e-05
7.946875e+01	1.714478e-06	1.030701e-05
7.953125e+01	1.313181e-06	1.027964e-05
7.956250e+01	-5.813272e-06	1.022024e-05
7.959375e+01	-4.439077e-06	1.020315e-05
7.962500e+01	-1.270932e-06	1.022306e-05
7.965625e+01	4.303760e-06	1.024637e-05
7.968750e+01	4.501303e-06	1.101383e-05
7.971875e+01	-9.462911e-06	1.083222e-05
7.975000e+01	-8.259312e-06	1.018010e-05
7.978125e+01	3.913394e-06	1.013663e-05
7.981250e+01	-4.836597e-06	1.012779e-05
7.984375e+01	-3.986295e-06	1.016642e-05
7.987500e+01	-5.399864e-06	1.014823e-05
7.990625e+01	-2.546497e-06	1.012850e-05
7.993750e+01	2.200802e-06	1.010088e-05
7.996875e+01	5.197094e-06	1.120828e-05
8.003125e+01	-1.082553e-07	1.116594e-05
8.006250e+01	1.052872e-05	1.010435e-05
8.009375e+01	9.464109e-07	1.010638e-05
8.012500e+01	6.641816e-06	1.008353e-05
8.015625e+01	2.460065e-06	1.009748e-05
8.018750e+01	4.234813e-06	1.017718e-05
8.021875e+01	4.374417e-07	1.018642e-05
8.025000e+01	-1.895745e-06	1.015156e-05
8.028125e+01	7.453226e-07	1.015418e-05
8.031250e+01	1.327982e-06	1.014938e-05
8.034375e+01	-6.996081e-06	1.015358e-05
8.037500e+01	1.224320e-06	1.022828e-05
8.040625e+01	4.362008e-06	1.027394e-05
8.043750e+01	7.887205e-06	1.027013e-05
8.046875e+01	9.302887e-06	1.033701e-05
8.053125e+01	-4.407717e-06	1.033135e-05
8.056250e+01	-7.758213e-06	1.029699e-05
8.059375e+01	1.362028e-06	1.035705e-05
8.062500e+01	-4.122849e-06	1.036702e-05
8.065625e+01	-5.419207e-06	1.037092e-05
8.068750e+01	5.023832e-06	1.042428e-05
8.071875e+01	5.009060e-06	1.045178e-05
8.075000e+01	3.032254e-06	1.046227e-05
8.078125e+01	1.385170e-06	1.048881e-05
8.081250e+01	5.562047e-06	1.050512e-05
8.084375e+01	-6.072115e-06	1.053569e-05
8.087500e+01	3.003379e-06	1.052621e-05
8.090625e+01	-1.290264e-05	1.057569e-05
8.093750e+01	-9.367496e-07	1.056572e-05
8.096875e+01	7.301012e-06	1.059049e-05
8.100000e+01	7.488908e-06	1.060268e-05
8.103125e+01	2.163850e-06	1.064170e-05
8.106250e+01	2.254810e-06	1.068471e-05
8.109375e+01	-5.516094e-08	1.068877e-05
8.112500e+01	-2.220343e-06	1.073919e-05
8.115625e+01	5.410128e-06	1.074503e-05
8.118750e+01	4.476747e-07	1.077433e-05
8.121875e+01	1.188638e-06	1.080296e-05
8.125000e+01	2.482006e-06	1.079421e-05
8.128125e+01	-7.967038e-06	1.081757e-05
8.131250e+01	-3.621857e-06	1.086870e-05
8.134375e+01	7.809575e-06	1.091822e-05
8.137500e+01	3.402353e-06	1.093892e-05
8.140625e+01	-3.770672e-06	1.097444e-05
8.143750e+01	-3.811374e-06	1.097858e-05
8.146875e+01	2.379948e-06	1.102443e-05
8.153125e+01	2.700581e-06	1.113317e-05
8.156250e+01	1.278540e-06	1.113364e-05
8.159375e+01	1.386504e-06	1.118145e-05
8.162500e+01	1.134040e-06	1.117693e-05
8.165625e+01	1.942025e-06	1.118246e-05
8.168750e+01	2.986077e-06	1.116421e-05
8.171875e+01	9.678376e-07	1.120254e-05
8.175000e+01	3.594508e-06	1.125370e-05
8.178125e+01	-5.737453e-06	1.128707e-05
8.181250e+01	5.030623e-06	1.125081e-05
8.184375e+01	-1.404263e-05	1.126116e-05
8.187500e+01	-1.647144e-06	1.125812e-05
8.190625e+01	-9.107103e-06	1.124750e-05
8.193750e+01	7.347266e-06	1.124183e-05
8.196875e+01	-3.596704e-06	1.124827e-05
8.200000e+01	4.892598e-06	1.126374e-05
8.203125e+01	-1.754864e-07	1.127635e-05
8.206250e+01	-5.851181e-06	1.125961e-05
8.209375e+01	-2.472817e-06	1.129187e-05
8.212500e+01	-3.034285e-06	1.132788e-05
8.215625e+01	-3.894001e-06	1.131226e-05
8.218750e+01	-2.167315e-06	1.129526e-05
8.221875e+01	1.708761e-07	1.133335e-05
8.225000e+01	6.722421e-06	1.134089e-05
8.228125e+01	1.161134e-05	1.131971e-05
8.231250e+01	-5.595893e-07	1.133218e-05
8.234375e+01	1.485208e-06	1.133522e-05
8.237500e+01	3.383213e-06	1.139182e-05
8.240625e+01	-7.326253e-07	1.136875e-05
8.243750e+01	6.285747e-06	1.134036e-05
8.246875e+01	2.868506e-08	1.144517e-05
8.253125e+01	-1.563691e-06	1.147511e-05
8.256250e+01	-4.080846e-06	1.138865e-05
8.259375e+01	-8.609408e-07	1.143349e-05
8.262500e+01	-4.100502e-06	1.144178e-05
8.265625e+01	-4.831578e-06	1.142345e-05
8.268750e+01	2.146878e-06	1.143374e-05
8.271875e+01	8.899221e-06	1.141242e-05
8.275000e+01	-1.289526e-06	1.141954e-05
8.278125e+01	5.209068e-08	1.139497e-05
8.281250e+01	5.175004e-06	1.138078e-05
8.284375e+01	2.626772e-06	1.141151e-05
8.287500e+01	8.795363e-06	1.144811e-05
8.290625e+01	-3.849332e-06	1.143892e-05
8.293750e+01	-1.044448e-06	1.141422e-05
8.296875e+01	-3.807376e-06	1.140763e-05
8.300000e+01	8.606374e-07	1.142770e-05
8.303125e+01	-7.927521e-06	1.135825e-05
8.306250e+01	-6.070638e-06	1.137104e-05
8.309375e+01	-2.301740e-06	1.136812e-05
8.312500e+01	-3.070776e-06	1.142147e-05
8.315625e+01	-3.616546e-07	1.139854e-05
8.318750e+01	-4.880546e-06	1.139124e-05
8.321875e+01	-6.009850e-06	1.139700e-05
8.325000e+01	2.601011e-06	1.137928e-05
8.328125e+01	-3.205482e-06	1.179610e-05
8.331250e+01	-2.865596e-06	1.310095e-05
8.334375e+01	1.362933e-05	1.202709e-05
8.337500e+01	-2.458549e-06	1.139766e-05
8.340625e+01	-2.609711e-06	1.136242e-05
8.343750e+01	7.275586e-06	1.148884e-05
8.346875e+01	6.060729e-07	1.145139e-05
8.353125e+01	-3.856615e-06	1.133575e-05
8.356250e+01	-2.776373e-07	1.130300e-05
8.359375e+01	-9.846500e-06	1.126403e-05
8.362500e+01	-8.134709e-07	1.122565e-05
8.365625e+01	6.412107e-06	1.122952e-05
8.368750e+01	8.517987e-06	1.124061e-05
8.371875e+01	-2.946643e-06	1.122431e-05
8.375000e+01	1.637000e-06	1.130936e-05
8.378125e+01	3.376601e-06	1.125836e-05
8.381250e+01	-1.170119e-06	1.120812e-05
8.384375e+01	-1.118457e-06	1.132829e-05
8.387500e+01	-1.164839e-05	1.379995e-05
8.390625e+01	1.043202e-06	1.431532e-05
8.393750e+01	-3.916990e-06	1.220053e-05
8.396875e+01	9.108659e-06	1.121053e-05
8.400000e+01	3.942229e-06	1.125118e-05
8.403125e+01	-2.983296e-06	1.120342e-05
8.406250e+01	7.231536e-06	1.114263e-05
8.409375e+01	-4.623229e-06	1.113546e-05
8.412500e+01	5.620416e-06	1.117984e-05
8.415625e+01	-9.849343e-06	1.117533e-05
8.418750e+01	-1.055701e-05	1.116637e-05
8.421875e+01	1.112645e-06	1.116511e-05
8.425000e+01	-8.962404e-06	1.112834e-05
8.428125e+01	-7.264748e-06	1.113119e-05
8.431250e+01	3.706984e-07	1.119861e-05
8.434375e+01	-1.968898e-06	1.114539e-05
8.437500e+01	-3.667842e-06	1.114418e-05
8.440625e+01	9.606954e-08	1.111696e-05
8.443750e+01	3.144490e-07	1.108343e-05
8.446875e+01	7.746531e-06	1.113231e-05
8.453125e+01	4.606486e-06	1.111525e-05
8.456250e+01	6.029626e-06	1.103851e-05
8.459375e+01	-4.692057e-06	1.103928e-05
8.462500e+01	-1.075273e-05	1.098072e-05
8.465625e+01	8.017133e-07	1.096216e-05
8.468750e+01	4.860745e-06	1.096049e-05
8.471875e+01	-2.999403e-06	1.096007e-05
8.475000e+01	2.142934e-06	1.099897e-05
8.478125e+01	-1.842067e-07	1.093634e-05
8.481250e+01	-6.330420e-06	1.090025e-05
8.484375e+01	-4.265061e-06	1.088580e-05
8.487500e+01	-8.724858e-07	1.085934e-05
8.490625e+01	-2.736134e-06	1.082741e-05
8.493750e+01	4.737764e-07	1.078895e-05
8.496875e+01	6.061709e-08	1.077861e-05
8.500000e+01	1.001474e-05	1.076308e-05
8.503125e+01	1.077977e-06	1.071631e-05
8.506250e+01	2.906625e-07	1.066366e-05
8.509375e+01	1.108325e-05	1.064087e-05
8.512500e+01	3.586674e-06	1.062272e-05
8.515625e+01	1.683662e-06	1.060977e-05
8.518750e+01	7.181169e-08	1.061613e-05
8.521875e+01	1.267235e-05	1.064518e-05
8.525000e+01	2.766662e-07	1.064730e-05
8.528125e+01	-1.898650e-06	1.062890e-05
8.531250e+01	-7.332236e-07	1.058683e-05
8.534375e+01	9.557917e-07	1.057938e-05
8.537500e+01	1.232123e-06	1.056097e-05
8.540625e+01	3.119015e-06	1.054639e-05
8.543750e+01	7.581804e-06	1.054976e-05
8.546875e+01	-5.979679e-06	1.062833e-05
8.553125e+01	-3.120649e-06	1.060345e-05
8.556250e+01	-6.928030e-06	1.055978e-05
8.559375e+01	5.264517e-07	1.056513e-05
8.562500e+01	-3.345692e-06	1.055713e-05
8.565625e+01	-5.655693e-06	1.059144e-05
8.568750e+01	4.253749e-06	1.062943e-05
8.571875e+01	5.661468e-07	1.059302e-05
8.575000e+01	1.123659e-06	1.057995e-05
