    0.100830512731677513E+01    0.990353591638639882E-02    0.466045792272907003E-02    0.586865127606879598E-03    0.189116635435829835E+03
    0.100731142790029238E+01    0.994462207616989523E-02    0.469145857319480317E-02    0.141329357093892194E-02    0.189953439188309659E+03
    0.100237592261772646E+01    0.977032133415678058E-02    0.774602464956746471E-02    0.412176375970477009E-02    0.190343338722625219E+03
    0.100764496987386187E+01    0.959035058109883841E-02    0.975284920393361572E-02    0.853604239098930753E-02    0.190473474083915647E+03
    0.100334317038686160E+01    0.981050642359657631E-02    0.701956650434016217E-02    0.800912249146852758E-03    0.190501856452902047E+03
    0.100173031006487068E+01    0.990541830993716364E-02    0.623007421412871774E-02    0.489948685398961664E-02    0.190800447089155767E+03
    0.100257314772875672E+01    0.972453706443151752E-02    0.895698752423481834E-02    0.639478301814970940E-02    0.190950151440900839E+03
    0.100628542679141564E+01    0.989354407130454624E-02    0.568599162867110697E-02    0.679268038268990206E-02    0.191087009067866262E+03
    0.100929244596469192E+01    0.971058489980689693E-02    0.751655252816170200E-02    0.520227059433267438E-02    0.191165089974160253E+03
    0.100810512915714479E+01    0.997165634361232671E-02    0.475136624093559432E-02    0.683191642946134967E-02    0.191212146052091299E+03
    0.100847826373993388E+01    0.964170130445932312E-02    0.912537930777772115E-02    0.564926069683768361E-02    0.191321503019344163E+03
    0.100580540560262399E+01    0.981328678046030668E-02    0.694158146437321572E-02    0.866945576421753600E-02    0.191457622241976736E+03
    0.100337278408542008E+01    0.976423817784686371E-02    0.840350035079551021E-02    0.564951563271913915E-02    0.191495548658017185E+03
    0.100412312568369133E+01    0.968106361003523951E-02    0.992880360705717356E-02    0.649095245737311023E-02    0.191525946090514168E+03
    0.100419138948423048E+01    0.982405565084308423E-02    0.728270404913505375E-02    0.179023625548341389E-02    0.191575302394654216E+03
    0.100309604189005008E+01    0.999247679073346495E-02    0.540647436133045133E-02    0.730974647988499350E-02    0.191583218702652175E+03
    0.100379734608035154E+01    0.972640444467234508E-02    0.907337330108597476E-02    0.810204768583661257E-02    0.191583841682592919E+03
    0.100308340836193866E+01    0.991459752037543961E-02    0.626920441863919146E-02    0.927151977807622214E-02    0.191635345665262349E+03
    0.100872386222778743E+01    0.966978016355420772E-02    0.876563269315359418E-02    0.489511513278312067E-02    0.191637425545339966E+03
    0.100227524518813782E+01    0.972522158510033367E-02    0.972584527134094483E-02    0.446795114727696618E-02    0.191659417672502855E+03
    0.100252073168754574E+01    0.991385817527771010E-02    0.657503426074981714E-02    0.659300267696380591E-02    0.191915957482857351E+03
    0.100816610619762992E+01    0.966532327445146153E-02    0.931066706457726358E-02    0.530701219815270502E-02    0.191930587412025318E+03
    0.100487404783995493E+01    0.978053748904368983E-02    0.806519978797232140E-02    0.416245334353062928E-02    0.191931228918317004E+03
    0.100879922816596856E+01    0.980555753362848115E-02    0.678495842536996213E-02    0.363899112900416787E-02    0.191984168067820292E+03
    0.100351253269849261E+01    0.979764665116787670E-02    0.816000069147658144E-02    0.984168279735206028E-02    0.192019844354075019E+03
    0.100272605863582820E+01    0.995107329816294003E-02    0.612652283179243844E-02    0.897957882276389889E-02    0.192029341363687934E+03
    0.100753735702575153E+01    0.986489040500786174E-02    0.637313634275497171E-02    0.282997860222954263E-02    0.192141165901762349E+03
    0.100988939534497746E+01    0.963792091888323807E-02    0.955124261652620828E-02    0.625728554480275631E-02    0.192144163145045695E+03
    0.100894571067296557E+01    0.990965387058628105E-02    0.559852565028579746E-02    0.627177869598852505E-02    0.192145189046967232E+03
    0.100868259192499465E+01    0.969338791362723586E-02    0.882620101721940352E-02    0.737297861128712647E-02    0.192213449941333494E+03
    0.100905668904289292E+01    0.969018839447557262E-02    0.876927287531802796E-02    0.822665768727681192E-02    0.192215246452390687E+03
    0.100849051476578033E+01    0.980442386376918773E-02    0.704682740713889234E-02    0.339547182004522720E-02    0.192241609516184013E+03
    0.100669939235954331E+01    0.982655548219994214E-02    0.713252602710119383E-02    0.485663985795482724E-02    0.192264956501189886E+03
    0.100039811190120176E+01    0.989701150887450573E-02    0.756207325284634618E-02    0.963921326733196970E-02    0.192321535192427348E+03
    0.100492199675334004E+01    0.987639637931102092E-02    0.684640564551246278E-02    0.876242361023477946E-02    0.192349052673901042E+03
    0.100262901239388569E+01    0.985715313703814863E-02    0.770450825195877209E-02    0.705405540060286603E-02    0.192370989169285849E+03
    0.100246391903692578E+01    0.980560184859288579E-02    0.871521373167725641E-02    0.426592328128815642E-02    0.192390432227158328E+03
    0.100244756990754502E+01    0.989289478377851535E-02    0.721184579996960503E-02    0.886613628128530597E-02    0.192414519193604207E+03
    0.100484622427866577E+01    0.989177592042580697E-02    0.679318622481678118E-02    0.192510291736238965E-03    0.192451208623889954E+03
    0.100407484844343853E+01    0.985325705547700215E-02    0.747671441515284328E-02    0.707408708523664127E-02    0.192455797552480561E+03
    0.100545356343664594E+01    0.988659135133378685E-02    0.672281846845940428E-02    0.266837175056071308E-02    0.192460551425356272E+03
    0.100643008356795649E+01    0.991104969085798010E-02    0.622863882215390994E-02    0.530694905667291033E-02    0.192502061775123906E+03
    0.100521671143701474E+01    0.990945821506082104E-02    0.650602437838277477E-02    0.977655169910912267E-02    0.192587063916216579E+03
    0.100957503717927910E+01    0.993783874312134316E-02    0.549726939433425876E-02    0.672609330029556168E-02    0.192681405464127664E+03
    0.100941863418933209E+01    0.972304490249214712E-02    0.857277185507076232E-02    0.543498364182980719E-02    0.192729974024421779E+03
    0.100733778680934449E+01    0.990026020457835006E-02    0.633656771171790117E-02    0.844093676650906934E-02    0.192759075935317696E+03
    0.100364026538052831E+01    0.990895739859288735E-02    0.702996534178294830E-02    0.348944977830836127E-02    0.192766425231607940E+03
    0.100379086371209847E+01    0.983049546444048593E-02    0.834126921616857968E-02    0.323440783615016334E-03    0.192827100344250795E+03
    0.100758464130624481E+01    0.981959469679082389E-02    0.746262825645548772E-02    0.904967068974855959E-02    0.192838458743879244E+03
    0.100655477107430946E+01    0.996251739228577217E-02    0.583164187828164732E-02    0.652738230875644747E-02    0.192849879349560979E+03
    0.100716571582892112E+01    0.986930816612386318E-02    0.692866972375489644E-02    0.292936385703088055E-03    0.192876666970522223E+03
    0.100451225676239853E+01    0.976602284467651717E-02    0.939652908573259879E-02    0.797999180172271477E-02    0.192884466077209538E+03
    0.100698191281049954E+01    0.972637768021360205E-02    0.947009285682721448E-02    0.473712587165954230E-02    0.192891564830061327E+03
    0.100538149057496895E+01    0.987057210131361829E-02    0.732271030057469758E-02    0.154581503271787276E-02    0.192899836655376134E+03
    0.100085579119492918E+01    0.988521655228044235E-02    0.825012919062384324E-02    0.441218673353728323E-02    0.192926760263135264E+03
    0.100762777760979239E+01    0.992896125531668797E-02    0.607628721208514772E-02    0.997720020642062742E-02    0.192971860959105499E+03
    0.100081518130622205E+01    0.986411883733891506E-02    0.869167962541659601E-02    0.807779267826421246E-02    0.192989536048411054E+03
    0.100928053607746127E+01    0.990135631402611419E-02    0.614040308793991751E-02    0.741816597502554728E-02    0.193004982290473322E+03
    0.100077969763095309E+01    0.995258536800968339E-02    0.721638810843460571E-02    0.894943832542448997E-02    0.193014322940594894E+03
    0.100867358597004508E+01    0.975706307878547278E-02    0.848649163083155071E-02    0.465757443398426806E-02    0.193036026484529316E+03
    0.100213349563463394E+01    0.987258721655169015E-02    0.824732508421469578E-02    0.474467633728018444E-02    0.193050936219108820E+03
    0.100366677212901001E+01    0.989740480235102270E-02    0.741166507952737905E-02    0.863990777728105945E-02    0.193063052966823307E+03
    0.100435012882790464E+01    0.988013964881137227E-02    0.755651964342017677E-02    0.454010543781543929E-02    0.193070664384810073E+03
    0.100577600984793092E+01    0.994487806192453916E-02    0.633354499853345035E-02    0.930909583308483016E-02    0.193105845799150245E+03
    0.100390612316761363E+01    0.993840906976777710E-02    0.681754106908238205E-02    0.658962489165961906E-02    0.193106044932559797E+03
    0.100406487766037444E+01    0.981839384136030772E-02    0.874685429321712601E-02    0.679281131079441988E-02    0.193110030951188321E+03
    0.100158074084553639E+01    0.986503953977115218E-02    0.869531939589869053E-02    0.378084704489882635E-02    0.193168897835763346E+03
    0.100158074084553639E+01    0.986503953977115218E-02    0.869531939589869053E-02    0.378084704489882635E-02    0.193168897835763346E+03
    0.100722988118420420E+01    0.984727534584566890E-02    0.751019530765615218E-02    0.284916296889637950E-02    0.193201580097239116E+03
    0.100722988118420420E+01    0.984727534584566890E-02    0.751019530765615218E-02    0.284916296889637950E-02    0.193201580097239116E+03
    0.100603158865840436E+01    0.996355759587237017E-02    0.615679511478568146E-02    0.720983454144267892E-02    0.193211644188582113E+03
    0.100603158865840436E+01    0.996355759587237017E-02    0.615679511478568146E-02    0.720983454144267892E-02    0.193211644188582113E+03
    0.100662429155056521E+01    0.985769105548805862E-02    0.753194388778066250E-02    0.902262075867573429E-03    0.193222546695715323E+03
    0.100400652994483863E+01    0.977695982019946043E-02    0.987900856524147331E-02    0.447612868460021008E-02    0.193259217028108935E+03
    0.100573353882456629E+01    0.980789886223483801E-02    0.862991397518551515E-02    0.844857584360262683E-02    0.193272850779462061E+03
    0.100916498153434642E+01    0.972701914693592344E-02    0.925358875443909983E-02    0.326110328148872643E-02    0.193279325303939572E+03
    0.100292116564127953E+01    0.983053595860151376E-02    0.908489970141926860E-02    0.766843013258509260E-02    0.193290854212058576E+03
    0.100673807589589437E+01    0.996293622724779386E-02    0.617177853708314895E-02    0.186351785881990286E-02    0.193339960169648975E+03
    0.100673807589589437E+01    0.996293622724779386E-02    0.617177853708314895E-02    0.186351785881990286E-02    0.193339960169648975E+03
    0.100859648008271607E+01    0.995056170602981287E-02    0.594611902384520417E-02    0.677483085881375093E-02    0.193340629583874289E+03
    0.100766638072080683E+01    0.974286995065404803E-02    0.950318490864572075E-02    0.424236826281891057E-02    0.193351442636352544E+03
    0.100766638072080683E+01    0.974286995065404803E-02    0.950318490864572075E-02    0.424236826281891057E-02    0.193351442636352544E+03
    0.100359542920710454E+01    0.991346413705593114E-02    0.749039130339654909E-02    0.591599465574915717E-02    0.193352982644124609E+03
    0.100894080243689266E+01    0.993652334736594249E-02    0.606122351164378997E-02    0.574190778596873549E-02    0.193353060302457862E+03
    0.100405147649690463E+01    0.995513642358568374E-02    0.677157335537847960E-02    0.799485830916795565E-02    0.193360739199509055E+03
    0.100913414579459570E+01    0.989480125055243118E-02    0.653890764001832572E-02    0.697111118529150555E-02    0.193372804231825739E+03
    0.100316924913775285E+01    0.994644567359628459E-02    0.714313067615924505E-02    0.296507518582425633E-02    0.193376838909486452E+03
    0.100829075819196068E+01    0.995369465460510874E-02    0.600346823994114039E-02    0.541865881946307273E-02    0.193379465835441010E+03
    0.100626997283617348E+01    0.988213222835230935E-02    0.734063511940306109E-02    0.859001730536809900E-02    0.193386748265109958E+03
    0.100429774809411976E+01    0.987370308334947593E-02    0.800654406777049320E-02    0.742214620102438997E-02    0.193404734677388831E+03
    0.100719799987344083E+01    0.985285680268094786E-02    0.761226718170278545E-02    0.942342128216702712E-02    0.193430775869148704E+03
    0.100910384955538857E+01    0.994198640914424267E-02    0.604031082604121559E-02    0.810023663373381914E-02    0.193465670961114313E+03
    0.100910384955538857E+01    0.994198640914424267E-02    0.604031082604121559E-02    0.810023663373381914E-02    0.193465670961114313E+03
    0.100778423356812619E+01    0.983941139372830099E-02    0.779616564040491559E-02    0.371245666247654524E-02    0.193487151964465539E+03
    0.100875088109076971E+01    0.976208529699211514E-02    0.891950412888309861E-02    0.792391340666043741E-02    0.193501267016343917E+03
    0.100875088109076971E+01    0.976208529699211514E-02    0.891950412888309861E-02    0.792391340666043741E-02    0.193501267016343917E+03
    0.100673649171504853E+01    0.987269990495398542E-02    0.753973235586415710E-02    0.455262754086811511E-02    0.193509991708166325E+03
    0.100382366483518815E+01    0.984952454322919960E-02    0.870603521739957663E-02    0.991317085620804089E-02    0.193517242902030461E+03
    0.100382366483518815E+01    0.984952454322919960E-02    0.870603521739957663E-02    0.991317085620804089E-02    0.193517242902030461E+03
    0.100379288344521589E+01    0.989112077722561697E-02    0.804315780421630683E-02    0.183366119698040019E-02    0.193530607257202604E+03
    0.100180393613194973E+01    0.992123881969574073E-02    0.805058020550348565E-02    0.509673867895099695E-02    0.193544241646193854E+03
    0.100180393613194973E+01    0.992123881969574073E-02    0.805058020550348565E-02    0.509673867895099695E-02    0.193544241646193854E+03
    0.100903502912400644E+01    0.976784082212954832E-02    0.877411400829174182E-02    0.944731996748733420E-02    0.193552846942511195E+03
    0.100490687600134865E+01    0.993815581952307674E-02    0.706699672252958030E-02    0.169788502728076716E-02    0.193563494051041488E+03
    0.100904764579035833E+01    0.983088991957640872E-02    0.768568708416991590E-02    0.774084193531268238E-02    0.193578951097879838E+03
    0.100729402992193040E+01    0.988603429945596190E-02    0.728409564696024230E-02    0.467638365485980798E-02    0.193586893703615573E+03
    0.100729402992193040E+01    0.988603429945596190E-02    0.728409564696024230E-02    0.467638365485980798E-02    0.193586893703615573E+03
    0.100928021685469704E+01    0.985412642294802507E-02    0.729108227732884646E-02    0.704961026475690606E-02    0.193597076744888028E+03
    0.100564559194308645E+01    0.991719704266304410E-02    0.728641380160724786E-02    0.958854654763183212E-03    0.193634881023331417E+03
    0.100326084202013965E+01    0.983409447258923840E-02    0.942324522702179222E-02    0.602759350561676843E-02    0.193637272391540989E+03
    0.100326084202013965E+01    0.983409447258923840E-02    0.942324522702179222E-02    0.602759350561676843E-02    0.193637272391540989E+03
    0.100446400543052072E+01    0.982789018027402546E-02    0.916437550838071317E-02    0.872103536828239267E-02    0.193661138885870713E+03
    0.100726750893203088E+01    0.978339470445298981E-02    0.919393643127379770E-02    0.912108617788054930E-02    0.193670624612269592E+03
    0.100726750893203088E+01    0.978339470445298981E-02    0.919393643127379770E-02    0.912108617788054930E-02    0.193670624612269592E+03
    0.100579019176832540E+01    0.999813399707323233E-02    0.621242724602652594E-02    0.157358887862680294E-02    0.193673139042307128E+03
    0.100586422051804303E+01    0.987176386420818112E-02    0.793044999826019933E-02    0.938893375842686159E-02    0.193673290158607614E+03
    0.100336838408759621E+01    0.985145508072425569E-02    0.906451246585848573E-02    0.749119439488108666E-02    0.193675177107006533E+03
    0.100455626212497773E+01    0.983887374971771124E-02    0.893819760044609578E-02    0.916852036093575989E-02    0.193683515540262590E+03
    0.100345750388468780E+01    0.994929972684341357E-02    0.738642983133377604E-02    0.201084746756999283E-04    0.193686456259585640E+03
    0.100195909496107816E+01    0.992726046108516162E-02    0.808274459223231288E-02    0.638413328975552530E-02    0.193693104399044074E+03
    0.100688017360992910E+01    0.996261781415996341E-02    0.646083210829717126E-02    0.292439177678116688E-02    0.193710053488677516E+03
    0.100559487245375623E+01    0.981420288353367087E-02    0.924996692025550730E-02    0.883113410487850262E-02    0.193766634144506014E+03
    0.100238200927714338E+01    0.988775893691852537E-02    0.882675291235167879E-02    0.360621087062612837E-02    0.193768672707660414E+03
    0.100752796071801920E+01    0.996037947361943198E-02    0.639103104593464078E-02    0.787882234570166061E-02    0.193778437024879565E+03
    0.100386804882022851E+01    0.982297600294811460E-02    0.975649525423349234E-02    0.509701538421505895E-02    0.193804859243599168E+03
    0.100774163910375392E+01    0.985597916885098783E-02    0.789902697399706526E-02    0.838430110047170760E-02    0.193816874883263381E+03
    0.100438784785004387E+01    0.984269765320801640E-02    0.913464909552501661E-02    0.980545492925679121E-02    0.193825396693685434E+03
    0.100438784785004387E+01    0.984269765320801640E-02    0.913464909552501661E-02    0.980545492925679121E-02    0.193825396693685434E+03
    0.100416735007572466E+01    0.986834721886365937E-02    0.873148464266516704E-02    0.672938841080420597E-02    0.193835038241193729E+03
    0.100993862600132567E+01    0.983780236017094654E-02    0.769441843982055385E-02    0.633196583452802150E-02    0.193848418933630825E+03
    0.100938801517227006E+01    0.976714686645294324E-02    0.914492883613142807E-02    0.879068630631106573E-02    0.193852119380703897E+03
    0.100138757455529048E+01    0.990452735684525104E-02    0.893078803191053351E-02    0.945584491003954863E-02    0.193881804282170862E+03
    0.100702477958992942E+01    0.986347798227762279E-02    0.807601176929675577E-02    0.779463635868866359E-02    0.193894400755716191E+03
    0.100702477958992942E+01    0.986347798227762279E-02    0.807601176929675577E-02    0.779463635868866359E-02    0.193894400755716191E+03
    0.100617775506363638E+01    0.991712515952401265E-02    0.742177755777900620E-02    0.716633850424573150E-02    0.193897498934658955E+03
    0.100450788693142545E+01    0.998239359265123798E-02    0.685777160999649811E-02    0.680231408007726281E-02    0.193898237771502949E+03
    0.100093903354876401E+01    0.991743362448130154E-02    0.891207115493205387E-02    0.301601821665308271E-02    0.193903153743071130E+03
    0.100093903354876401E+01    0.991743362448130154E-02    0.891207115493205387E-02    0.301601821665308271E-02    0.193903153743071130E+03
    0.100188807101940291E+01    0.989379392677532804E-02    0.904261672429276624E-02    0.823449714608987492E-02    0.193906475299662702E+03
    0.100188807101940291E+01    0.989379392677532804E-02    0.904261672429276624E-02    0.823449714608987492E-02    0.193906475299662702E+03
    0.100370811607448807E+01    0.998643944226222484E-02    0.712708137005778602E-02    0.189571117957549858E-02    0.193988631980277290E+03
    0.100487721178650879E+01    0.991207007265297591E-02    0.800635261916722921E-02    0.443668785152949528E-02    0.194002281503409620E+03
    0.100639676430554292E+01    0.996354151532983547E-02    0.685457193449398247E-02    0.445738797076054676E-02    0.194005747770819227E+03
    0.100639676430554292E+01    0.996354151532983547E-02    0.685457193449398247E-02    0.445738797076054676E-02    0.194005747770819227E+03
    0.100588992488710249E+01    0.993850919628118737E-02    0.729329013206415737E-02    0.917983527934610431E-02    0.194008515928262000E+03
    0.100588992488710249E+01    0.993850919628118737E-02    0.729329013206415737E-02    0.917983527934610431E-02    0.194008515928262000E+03
    0.100983870989384728E+01    0.984910452864471223E-02    0.777965320638623285E-02    0.512021535732121082E-02    0.194017581093160288E+03
    0.100722179506584131E+01    0.998144685558602883E-02    0.644295230582370582E-02    0.818626404404890727E-02    0.194024235086073816E+03
    0.100722179506584131E+01    0.998144685558602883E-02    0.644295230582370582E-02    0.818626404404890727E-02    0.194024235086073816E+03
    0.100481458527829060E+01    0.986635249633965004E-02    0.894662941386630516E-02    0.208304926999211418E-02    0.194031388318082662E+03
    0.100481458527829060E+01    0.986635249633965004E-02    0.894662941386630516E-02    0.208304926999211418E-02    0.194031388318082662E+03
    0.100429888163004200E+01    0.986727235826871836E-02    0.904769665738038714E-02    0.673221960702057205E-02    0.194031667852080147E+03
    0.100906369679652053E+01    0.983349548178331749E-02    0.824141522117053694E-02    0.970027755464299493E-02    0.194033764316510542E+03
    0.100215299370395350E+01    0.987008288657306547E-02    0.973016183177264314E-02    0.854800024635953004E-02    0.194047181074034427E+03
    0.100239349563195912E+01    0.988367658901139964E-02    0.935060681029171135E-02    0.858040701503408158E-02    0.194050571055335723E+03
    0.100239349563195912E+01    0.988367658901139964E-02    0.935060681029171135E-02    0.858040701503408158E-02    0.194050571055335723E+03
    0.100736016718571597E+01    0.991137365002041706E-02    0.748237970423869681E-02    0.335508539360298468E-02    0.194064423661022175E+03
    0.100471976744703118E+01    0.984588375205791740E-02    0.941172670685499861E-02    0.867928956988629242E-02    0.194067801469836496E+03
    0.100471976744703118E+01    0.984588375205791740E-02    0.941172670685499861E-02    0.867928956988629242E-02    0.194067801469836496E+03
    0.100333387110861549E+01    0.988202617614272749E-02    0.910084713164279607E-02    0.934224931665676196E-02    0.194069132607571078E+03
    0.100569404206907231E+01    0.987900194601877557E-02    0.849446227877798977E-02    0.326546352352340315E-02    0.194072458534638713E+03
    0.100555911272158727E+01    0.987919597558500374E-02    0.859262605888379619E-02    0.414796505935346484E-02    0.194112188360607007E+03
    0.100434253752220037E+01    0.985862820270701386E-02    0.942635256342041865E-02    0.293182543646358608E-02    0.194119473846012852E+03
    0.100434253752220037E+01    0.985862820270701386E-02    0.942635256342041865E-02    0.293182543646358608E-02    0.194119473846012852E+03
    0.100716606204569570E+01    0.984540742091537767E-02    0.880453038557291699E-02    0.217994298274630212E-02    0.194125538946426616E+03
    0.100845362723490162E+01    0.981525650134970271E-02    0.900949475708553299E-02    0.264448748117848036E-02    0.194128631107531959E+03
    0.100512497392481959E+01    0.986975381419281927E-02    0.896726283891445541E-02    0.282161835934326578E-02    0.194134948407858190E+03
    0.100243884740480405E+01    0.997949361243096952E-02    0.770621519061417005E-02    0.720411782721366162E-02    0.194137159702677991E+03
    0.100585798673692572E+01    0.991502932882756816E-02    0.791580854461083894E-02    0.359695927747710883E-02    0.194138717863916639E+03
    0.100084166002625063E+01    0.998950087267506948E-02    0.796836458378253308E-02    0.666617777377097927E-02    0.194138762351098677E+03
    0.100292159509546330E+01    0.998797608009337895E-02    0.746044108532822187E-02    0.815794636845481799E-02    0.194149007106429139E+03
    0.100292159509546330E+01    0.998797608009337895E-02    0.746044108532822187E-02    0.815794636845481799E-02    0.194149007106429139E+03
    0.100181703536021205E+01    0.993243124716965652E-02    0.876477024842700798E-02    0.665530542876890084E-02    0.194158744894302174E+03
    0.100649772968595697E+01    0.986539292251827071E-02    0.864987913117547594E-02    0.736516102987158899E-02    0.194168575576235327E+03
    0.100649772968595697E+01    0.986539292251827071E-02    0.864987913117547594E-02    0.736516102987158899E-02    0.194168575576235327E+03
    0.100599259499450056E+01    0.993338304363380192E-02    0.763966288192216396E-02    0.321339977113750067E-02    0.194174407184196497E+03
    0.100422220787520211E+01    0.987853914578455498E-02    0.916674235028106486E-02    0.267593976617730390E-02    0.194178362726194393E+03
    0.100812068646401709E+01    0.992386387412462316E-02    0.728089618706833502E-02    0.530925110817416588E-02    0.194192654367866169E+03
    0.100271115136168820E+01    0.992754644747940139E-02    0.864133605540050656E-02    0.816617590813141503E-02    0.194195045188574511E+03
    0.100193989491968072E+01    0.998651779608899885E-02    0.780114929589260670E-02    0.920359687788617833E-02    0.194197403188543234E+03
    0.100193989491968072E+01    0.998651779608899885E-02    0.780114929589260670E-02    0.920359687788617833E-02    0.194197403188543234E+03
    0.100232508554971123E+01    0.998352176105636070E-02    0.775623168765849497E-02    0.869229513092725434E-02    0.194198522549249759E+03
    0.100621863110799747E+01    0.988713862500332531E-02    0.837706528461146585E-02    0.862396719191700113E-02    0.194204148655587858E+03
    0.100621863110799747E+01    0.988713862500332531E-02    0.837706528461146585E-02    0.862396719191700113E-02    0.194204148655587858E+03
    0.100310148592450776E+01    0.999874292901969941E-02    0.738815284439621467E-02    0.255197941168705707E-02    0.194207492373053753E+03
    0.100535806749399637E+01    0.985315972177876198E-02    0.932828400537505029E-02    0.899872573473027224E-02    0.194208098493468242E+03
    0.100381910228226467E+01    0.993373433367803274E-02    0.831317636195303723E-02    0.114306822920886338E-02    0.194220226519397613E+03
    0.100723809546051069E+01    0.993045122384891149E-02    0.746906253545531838E-02    0.234361728107930663E-02    0.194227044860988343E+03
    0.100723809546051069E+01    0.993045122384891149E-02    0.746906253545531838E-02    0.234361728107930663E-02    0.194227044860988343E+03
    0.100488543594112278E+01    0.998427016355345892E-02    0.721001315665031461E-02    0.352167753261648257E-02    0.194230381074928260E+03
    0.100433350909300967E+01    0.988624938480123228E-02    0.904560326126821294E-02    0.718466307820327284E-02    0.194234902128333403E+03
    0.100365696630635726E+01    0.998744839657772325E-02    0.742572267906818281E-02    0.823282406346870742E-02    0.194237217645317912E+03
    0.100365696630635726E+01    0.998744839657772325E-02    0.742572267906818281E-02    0.823282406346870742E-02    0.194237217645317912E+03
    0.100802154152601919E+01    0.987832771014257073E-02    0.813431661077798455E-02    0.549077679009700361E-02    0.194246160388555523E+03
    0.100514474125691811E+01    0.985201382277053721E-02    0.951269815001656686E-02    0.975350892015030939E-02    0.194249514919255660E+03
    0.100055351003105453E+01    0.998284427969379183E-02    0.834589177882067920E-02    0.900646711946351437E-02    0.194250822957715968E+03
    0.100495983418910506E+01    0.986407941973796269E-02    0.937273762935481557E-02    0.430495879162815821E-02    0.194252080441941018E+03
    0.100243046787415357E+01    0.998604445607169725E-02    0.780601743064696790E-02    0.742227009950026037E-02    0.194261421557798855E+03
    0.100518626310720993E+01    0.988096489943174686E-02    0.892835305441356218E-02    0.949935410518237128E-02    0.194267715167923228E+03
    0.100934694908485101E+01    0.987623437370988531E-02    0.787067973987360704E-02    0.550050913042403854E-02    0.194277098803744991E+03
    0.100442136635127111E+01    0.992208876235207114E-02    0.842798678048940070E-02    0.762142006787140756E-02    0.194289773856253845E+03
    0.100832002155755562E+01    0.988491484499788922E-02    0.801147272552422095E-02    0.632823717695149383E-02    0.194289807862229424E+03
    0.100919548708365925E+01    0.988793921534230486E-02    0.776742648697513905E-02    0.223029854402166661E-02    0.194290325142696133E+03
    0.100496925599081011E+01    0.991795187934880855E-02    0.842172113898944502E-02    0.878828460400175458E-03    0.194296806390208957E+03
    0.100138823559769330E+01    0.996283948496382021E-02    0.862238898235100776E-02    0.448272519826115826E-02    0.194304234717556142E+03
    0.100314763805555951E+01    0.993646469530551357E-02    0.858557972342436151E-02    0.599015153662735278E-02    0.194306758028505101E+03
    0.100314763805555951E+01    0.993646469530551357E-02    0.858557972342436151E-02    0.599015153662735278E-02    0.194306758028505101E+03
    0.100373801947031827E+01    0.990945335655758416E-02    0.897359498708923120E-02    0.438359552644704709E-02    0.194318024516627560E+03
    0.100348186167967546E+01    0.991638735353885838E-02    0.890483772431241785E-02    0.608478909551627908E-02    0.194320776845192853E+03
    0.100573173122562687E+01    0.990910048449380847E-02    0.835110603832068567E-02    0.761254192949612635E-02    0.194320879172783862E+03
    0.100829519757780672E+01    0.987547108216980940E-02    0.826091660575421251E-02    0.460887956581660947E-02    0.194320912906541082E+03
    0.100571870347489112E+01    0.998713140983157298E-02    0.709555472326416602E-02    0.703919163832602938E-02    0.194324332556287516E+03
    0.100889011895920899E+01    0.997672233821929148E-02    0.654276764120195753E-02    0.910408510477066571E-02    0.194324418826927968E+03
    0.100266416228665789E+01    0.998803450748464439E-02    0.785693261138139566E-02    0.634516243698124427E-02    0.194335691543555839E+03
    0.100699303155121345E+01    0.987464609475192760E-02    0.870681296114917888E-02    0.349892257084281205E-02    0.194339407228104847E+03
    0.100101238801010073E+01    0.995871177096302809E-02    0.886996889848467966E-02    0.733607539814598066E-02    0.194339462886030589E+03
    0.100044861345487224E+01    0.992834866014069388E-02    0.970989357403358871E-02    0.837831554948909908E-02    0.194344280161387218E+03
    0.100871584569563399E+01    0.998657490415632426E-02    0.649826283891339826E-02    0.706709408494464539E-02    0.194345821936985772E+03
    0.100382153140869845E+01    0.991024152103659080E-02    0.898007013209882118E-02    0.625552766472046648E-02    0.194347183078792568E+03
    0.100212047038379937E+01    0.995015924834482396E-02    0.875025170494249556E-02    0.311525923824845915E-02    0.194347245058030722E+03
    0.100981963609454772E+01    0.991085207451298904E-02    0.735861009580760644E-02    0.145564120803328432E-02    0.194347802078254347E+03
    0.100642735542984885E+01    0.992300625882646184E-02    0.802026260744478740E-02    0.330348906269313167E-02    0.194356177080417410E+03
    0.100499037431629401E+01    0.989864169236421600E-02    0.889705274178804149E-02    0.393990730643114552E-02    0.194360690116411774E+03
    0.100608533584174809E+01    0.998822753650234832E-02    0.704546757807271613E-02    0.944753453013576043E-02    0.194365833776314048E+03
    0.100661699888678546E+01    0.996661080780321222E-02    0.728736619728362692E-02    0.532720327753276757E-02    0.194374052993731993E+03
    0.100995939715836114E+01    0.995261962298206286E-02    0.675255648448175750E-02    0.444502028754687611E-02    0.194375603544076483E+03
    0.100941587410016043E+01    0.982958239604146862E-02    0.893957555116474401E-02    0.351930700117701264E-02    0.194377526827498087E+03
    0.100106043946504197E+01    0.993478384639486997E-02    0.945932313493000332E-02    0.661136346447194125E-02    0.194379166048905120E+03
    0.100021248495766213E+01    0.997694048934360221E-02    0.884332770147230884E-02    0.901650580292442244E-02    0.194381875916776949E+03
    0.100235743618242834E+01    0.997019279308015982E-02    0.837544610673576599E-02    0.382670597464749088E-02    0.194383896739748081E+03
    0.100792109194604484E+01    0.986351016997096680E-02    0.876106365094536481E-02    0.254342816644835459E-02    0.194388004188261135E+03
    0.100991901547851781E+01    0.997625933212121195E-02    0.644355164466469364E-02    0.895320823823224712E-02    0.194391555004030209E+03
    0.100133539225745882E+01    0.997037804019291173E-02    0.870801611424122136E-02    0.336270907934038080E-02    0.194395435762143109E+03
    0.100208596467996580E+01    0.992238795075821127E-02    0.946409814946712856E-02    0.665119128294441517E-02    0.194412518962647226E+03
    0.100412920130870797E+01    0.996270519640989928E-02    0.810512807530649852E-02    0.722994025001019724E-03    0.194415413518169430E+03
    0.100543589713931425E+01    0.999569785957604359E-02    0.718858919133532823E-02    0.943229436426178125E-02    0.194424564340502627E+03
    0.100728329552023976E+01    0.985900806706814861E-02    0.916978718961840994E-02    0.556977811338382756E-02    0.194445218615251832E+03
    0.100125211652996238E+01    0.994107045597263442E-02    0.941127049784740849E-02    0.988969700257117008E-02    0.194448287287377099E+03
    0.100128185323317598E+01    0.998194960966018903E-02    0.858782801440232703E-02    0.801602094290456216E-02    0.194449120470209380E+03
    0.100137749107423724E+01    0.997518562755139032E-02    0.874261527713206602E-02    0.370918130652551220E-02    0.194454276539803573E+03
    0.100653717617036631E+01    0.999760496577989030E-02    0.699395827014789168E-02    0.707375498681859713E-02    0.194459600827615589E+03
    0.100873525393425822E+01    0.992165195156195431E-02    0.765411863715354229E-02    0.438182559285830650E-02    0.194465557566809764E+03
    0.100780839932621280E+01    0.994897411680439880E-02    0.748184589178843128E-02    0.192903940182341700E-02    0.194470275392216109E+03
    0.100937061353357049E+01    0.983465484707608632E-02    0.909002898381010109E-02    0.329323411092423716E-02    0.194470534523756072E+03
    0.100901634001110718E+01    0.990316554387824823E-02    0.789509849206190654E-02    0.472931436438450790E-02    0.194470719086224022E+03
    0.100615846581025492E+01    0.988237230454811280E-02    0.908774880794293791E-02    0.898206278972426067E-02    0.194471628962114409E+03
    0.100709904365440894E+01    0.988401791780593210E-02    0.882804407476552727E-02    0.229300141041869623E-02    0.194474780134089428E+03
    0.100658605004556900E+01    0.990829659489069273E-02    0.880559111309217254E-02    0.585557733069463036E-02    0.194590264525818924E+03
    0.100838150961776862E+01    0.986950957725221505E-02    0.901808698343477613E-02    0.327127367957432249E-02    0.194581473099945384E+03
    0.100777168810765194E+01    0.988978765070573466E-02    0.902001260031105694E-02    0.484038310803255357E-02    0.194649571428162602E+03
    0.100969719082919140E+01    0.988909753578499223E-02    0.845607872733432353E-02    0.499055030232212638E-02    0.194654459326063574E+03
    0.100704376386192340E+01    0.985686064592675854E-02    0.962964012212555800E-02    0.338979272858322932E-02    0.194547803795881237E+03
    0.100838504960153963E+01    0.985066828085494860E-02    0.907299878542531732E-02    0.686024384230409824E-02    0.194482051510279859E+03
    0.100992186006025464E+01    0.983131094542565032E-02    0.898005253075551124E-02    0.604376945069126734E-02    0.194479539745806534E+03
    0.100706076341139816E+01    0.984630501903117558E-02    0.978193123697268518E-02    0.588533071589608311E-02    0.194530729589895884E+03
    0.100917140350942791E+01    0.983667660314446919E-02    0.930091683645079166E-02    0.742826356652281136E-02    0.194547760304793513E+03
    0.100973568427935811E+01    0.984395941280717494E-02    0.913469153692183025E-02    0.749015850474634131E-02    0.194600990391483293E+03
    0.100612400178264161E+01    0.989661496468447095E-02    0.920781071216466608E-02    0.976914047880048965E-02    0.194605190206746187E+03
    0.100466705474012308E+01    0.990686905388230010E-02    0.931655001490311850E-02    0.726373654207827010E-02    0.194549883077459128E+03
    0.100596674575752010E+01    0.991120198512691897E-02    0.881451403584871361E-02    0.965077998861067245E-02    0.194561204788667226E+03
    0.100468327825868786E+01    0.993189154127569612E-02    0.906975818117288987E-02    0.782859309609343877E-02    0.194634929014474039E+03
    0.100467231975030424E+01    0.991574807189735292E-02    0.945575437513795046E-02    0.995333033298518959E-02    0.194649286609980578E+03
    0.100781931842743577E+01    0.987983464626048836E-02    0.873423635505165760E-02    0.374797256839711239E-02    0.194497228299224673E+03
    0.100475354042572418E+01    0.991063211903246005E-02    0.948406554768297869E-02    0.652575954441167103E-02    0.194626542707330600E+03
    0.100613285991729029E+01    0.988363428414274804E-02    0.921594973120744461E-02    0.221934020390093150E-02    0.194499577738463302E+03
    0.100771768733829670E+01    0.986861195138028814E-02    0.913216345649256120E-02    0.724171114944000861E-02    0.194556113004805866E+03
    0.100619672657261017E+01    0.992127630097222948E-02    0.863477041915992026E-02    0.563748587847821316E-02    0.194577924158524525E+03
    0.100767555652745733E+01    0.995126550521069179E-02    0.775041672946706443E-02    0.261016236721130354E-02    0.194590982694985087E+03
    0.100886062642339680E+01    0.989638931445866420E-02    0.816678330457397926E-02    0.320784842289685134E-02    0.194512734108273150E+03
    0.100727123416157105E+01    0.990758139892511901E-02    0.837613840480916881E-02    0.535740068983001690E-02    0.194505398181936869E+03
    0.100955925059499951E+01    0.997664791783683599E-02    0.735381565823827778E-02    0.576808766627686514E-02    0.194752842795059877E+03
    0.100821914797559686E+01    0.996653862555663995E-02    0.778170881231553518E-02    0.525985066564773653E-02    0.194733482712010186E+03
    0.100866443395125072E+01    0.994701861018926388E-02    0.808141167709881814E-02    0.564397088861284812E-02    0.194753966298375786E+03
    0.100463073365357380E+01    0.998297823796142139E-02    0.806201964292563820E-02    0.520259186636132069E-02    0.194612270204955848E+03
    0.100608122145738199E+01    0.997155330441332720E-02    0.815089363568795126E-02    0.836500493348014788E-02    0.194708215976173307E+03
    0.100708584459172901E+01    0.998421443182679995E-02    0.833557562771831094E-02    0.823584934052990457E-02    0.194828637723974651E+03
    0.100583601615480189E+01    0.996716902575427340E-02    0.810601798746264472E-02    0.635732768351897955E-02    0.194648613574606884E+03
    0.100791825933676837E+01    0.996930982447170010E-02    0.730549723857073889E-02    0.577590741692672518E-02    0.194560599126041069E+03
    0.100788763862672082E+01    0.997526507893825229E-02    0.803018101921575481E-02    0.605482200152824505E-02    0.194797966318886182E+03
    0.100654257040195017E+01    0.997747016969531900E-02    0.765562287649007925E-02    0.724484270120395561E-02    0.194621554001609951E+03
    0.100593222423400741E+01    0.998757609460560088E-02    0.853788207554899772E-02    0.915021492418159089E-02    0.194821052799018190E+03
    0.100593222423400741E+01    0.998757609460560088E-02    0.853788207554899772E-02    0.915021492418159089E-02    0.194821052799018190E+03
    0.100556224085064416E+01    0.998175590108614855E-02    0.833790909425396673E-02    0.575692596198737385E-02    0.194754023039621529E+03
    0.100450996617275634E+01    0.997604442531615024E-02    0.887225289358100321E-02    0.748179098655454844E-02    0.194774336914291439E+03
    0.100615300996436163E+01    0.997257932829278930E-02    0.801586356704758578E-02    0.426063031128699234E-02    0.194670984700022956E+03
    0.100746277943413420E+01    0.997576049142395033E-02    0.720915995139842936E-02    0.427562819560312144E-02    0.194504919838855301E+03
    0.100590841208204296E+01    0.992500447004135249E-02    0.847893094137105140E-02    0.607175665991296389E-02    0.194519019608031982E+03
    0.100811531448175806E+01    0.991281623192572826E-02    0.812919480320582581E-02    0.587005221215415336E-02    0.194540817829832264E+03
    0.100803418691118063E+01    0.994228704609350158E-02    0.836012568159860345E-02    0.565082491689262740E-02    0.194756531102381530E+03
    0.100803418691118063E+01    0.994228704609350158E-02    0.836012568159860345E-02    0.565082491689262740E-02    0.194756531102381530E+03
    0.100781462078726314E+01    0.999576723821648389E-02    0.751605967773056032E-02    0.549421852708637058E-02    0.194760094483358785E+03
    0.100443684081191775E+01    0.998258508090320296E-02    0.827149235782722279E-02    0.720869132028932429E-02    0.194664580957140544E+03
    0.100347655468251040E+01    0.997880895273575014E-02    0.830040140720704304E-02    0.319253414858311274E-02    0.194548596629123978E+03
    0.100442135331428251E+01    0.995360673102481212E-02    0.898952181406562252E-02    0.235225843738668403E-02    0.194692547047863911E+03
    0.100518263256196683E+01    0.997287552538946021E-02    0.812064960637863542E-02    0.179305456501591739E-02    0.194613639057041638E+03
    0.100520375152365649E+01    0.996668321755728170E-02    0.842621762826536655E-02    0.218524094265944895E-02    0.194675642181805330E+03
    0.100706166223428029E+01    0.997537929209827388E-02    0.786591560764449832E-02    0.242164990017595992E-02    0.194707516344727480E+03
    0.100745199902561366E+01    0.998718568327426962E-02    0.767286820281949753E-02    0.455537852951239022E-02    0.194740174216551765E+03
    0.100745199902561366E+01    0.998718568327426962E-02    0.767286820281949753E-02    0.455537852951239022E-02    0.194740174216551765E+03
    0.100455538035896064E+01    0.997883873489248396E-02    0.861429216121499704E-02    0.351765152667607786E-02    0.194732906094092129E+03
    0.100446741732084965E+01    0.997509830982835737E-02    0.835346472180773479E-02    0.755131543702932274E-02    0.194652036238586021E+03
    0.100391964545650803E+01    0.998762480452001708E-02    0.879340376533443296E-02    0.952890239133640307E-02    0.194772045441144570E+03
    0.100178847805476146E+01    0.998299535328183926E-02    0.853978664694954835E-02    0.995581232485368527E-02    0.194504958425910331E+03
    0.100287089020721942E+01    0.993705846834263933E-02    0.932116012136050519E-02    0.894205679913865660E-02    0.194568286785087736E+03
    0.100445258575938845E+01    0.995628496629176463E-02    0.931987838022561854E-02    0.805511111993069059E-02    0.194776210147051387E+03
    0.100386060237124886E+01    0.997740705159431800E-02    0.894186114579335889E-02    0.950148929459548354E-02    0.194758729151222440E+03
    0.100133262353696439E+01    0.994792878345843352E-02    0.975415201707363622E-02    0.572648169525240801E-02    0.194595798689810920E+03
    0.100465229787549815E+01    0.995999844048432725E-02    0.839705291312905708E-02    0.911780909916474515E-02    0.194599985320348111E+03
    0.100164819167350849E+01    0.997832188200973962E-02    0.895454953663565173E-02    0.919603922913819760E-02    0.194596401436692958E+03
    0.100341151145489116E+01    0.996366443861485505E-02    0.929216981589546520E-02    0.795753682011316431E-02    0.194739884709866800E+03
    0.100341151145489116E+01    0.996366443861485505E-02    0.929216981589546520E-02    0.795753682011316431E-02    0.194739884709866800E+03
    0.100398831867272054E+01    0.994768191850770554E-02    0.917602247005755260E-02    0.899617335319015214E-02    0.194688942584520333E+03
    0.100334534704425060E+01    0.998912544468009977E-02    0.794924154861538154E-02    0.653072292339134091E-02    0.194477411994942656E+03
    0.100296854193417828E+01    0.995316088422862170E-02    0.926937323812417231E-02    0.823067785275406749E-02    0.194655411370988389E+03
    0.100533416519194141E+01    0.997162546159052407E-02    0.923422357833844978E-02    0.659879250087235577E-02    0.194829737665755601E+03
    0.100576263201642502E+01    0.995581734772458919E-02    0.913534143531079083E-02    0.470830663504277682E-02    0.194804426894045349E+03
    0.100634923756470074E+01    0.998132638237548241E-02    0.786461998090839422E-02    0.170809818904406633E-02    0.194679556429038399E+03
    0.100700577823807946E+01    0.996165400762857520E-02    0.840564362088641777E-02    0.971754430633014186E-03    0.194768417855993334E+03
    0.100360536848818205E+01    0.996258275647400084E-02    0.903873836856837302E-02    0.301432169608172084E-02    0.194686562516812842E+03
    0.100419556205335869E+01    0.997168390111558174E-02    0.882644918421177614E-02    0.184096897872876590E-02    0.194720748781021285E+03
    0.100432192811522047E+01    0.993999345290860065E-02    0.967766487848486026E-02    0.807835678846422281E-02    0.194767925625912341E+03
    0.100432192811522047E+01    0.993999345290860065E-02    0.967766487848486026E-02    0.807835678846422281E-02    0.194767925625912341E+03
    0.100642538445886554E+01    0.997238489863429799E-02    0.828840016467235347E-02    0.826585071434201126E-03    0.194750840935499383E+03
    0.100601133339264082E+01    0.995570390134363145E-02    0.867215058309705848E-02    0.909327267981727117E-03    0.194739455535383058E+03
    0.100403914651961412E+01    0.994586713727586835E-02    0.928547371034026472E-02    0.840620688951056183E-02    0.194706634840154919E+03
    0.100401850120438385E+01    0.989380848242140190E-02    0.967602332133248380E-02    0.273696619575902397E-02    0.194486383488218479E+03
    0.100374819547039285E+01    0.989048160704287214E-02    0.984224274993224062E-02    0.400567838175536987E-02    0.194487978930511559E+03
    0.100384627278269711E+01    0.991713658423302308E-02    0.922979950854198143E-02    0.610484926927598419E-02    0.194499650852187500E+03
    0.100308301992838667E+01    0.992841778067672653E-02    0.952283903773713282E-02    0.449426087212242802E-02    0.194580168500051712E+03
    0.100231847315830969E+01    0.996791666205883685E-02    0.929766612116416161E-02    0.423841994750763940E-02    0.194675478055881683E+03
    0.100332901181437206E+01    0.993405450943548457E-02    0.917100335800372438E-02    0.562311341338655665E-02    0.194539680821905080E+03
    0.100240455403435402E+01    0.993919604190279110E-02    0.993808110020205637E-02    0.445766264190074635E-02    0.194680420196901935E+03
    0.100373875395631940E+01    0.993191515028805927E-02    0.928538703798981006E-02    0.382103991041327778E-02    0.194596673996193147E+03
    0.100371621255832988E+01    0.994372218360310874E-02    0.876675839385600807E-02    0.492367818718424718E-02    0.194508984260853310E+03
    0.100623940021918901E+01    0.991867778340240792E-02    0.840009284808183702E-02    0.761935032692334039E-02    0.194485919222567389E+03
    0.100772134215546827E+01    0.990650016039407687E-02    0.828148728990282107E-02    0.755764470783910729E-02    0.194519003559729384E+03
    0.100972373181962283E+01    0.987585882335891355E-02    0.822906265315456395E-02    0.941479383908311145E-02    0.194509553192581905E+03
    0.100897416860740008E+01    0.985946342309815260E-02    0.878132981037911368E-02    0.960873767357100714E-02    0.194517897214868043E+03
    0.100860992656595094E+01    0.993464222161522144E-02    0.813985324199208680E-02    0.744141900496685538E-02    0.194716450030903360E+03
    0.100849762670449761E+01    0.994519300339537574E-02    0.809486576933676240E-02    0.801136815917269374E-02    0.194744222926057006E+03
    0.100865933224104154E+01    0.995962231766076705E-02    0.828877988907310986E-02    0.870085231195469669E-02    0.194825302489561807E+03
    0.100725322824195485E+01    0.991823127983476431E-02    0.849151251156591083E-02    0.895542599865228189E-02    0.194624716495097374E+03
    0.100948714660752858E+01    0.987378025226598975E-02    0.875195123064784891E-02    0.996224402281148218E-02    0.194649675539277183E+03
    0.100872145993404105E+01    0.999935751474829992E-02    0.753170829612639404E-02    0.776989675994215010E-02    0.194820146525901890E+03
    0.100892088594891849E+01    0.999888905290056106E-02    0.720563617683419016E-02    0.920485062161928262E-02    0.194769085911649313E+03
    0.100892088594891849E+01    0.999888905290056106E-02    0.720563617683419016E-02    0.920485062161928262E-02    0.194769085911649313E+03
